   0.0000000e+00  -2.0000000e-01   0.0000000e+00   8.0000000e-01   0.0000000e+00  -8.0000000e-02
   1.0010000e+01   1.6671789e-01   1.1047690e-01  -6.6687156e-01  -4.4190759e-01  -8.0000000e-02
   2.0000000e+01  -8.1616411e-02  -1.8258905e-01   3.2646565e-01   7.3035620e-01  -8.0000000e-02
   3.0000000e+01  -3.0850292e-02   1.9760632e-01   1.2340117e-01  -7.9042530e-01  -8.0000000e-02
   4.0000000e+01   1.3338761e-01  -1.4902263e-01  -5.3355046e-01   5.9609052e-01  -8.0000000e-02
   5.0010000e+01  -1.9350830e-01   5.0542444e-02   7.7403319e-01  -2.0216978e-01  -8.0000000e-02
   6.0010000e+01   1.8986346e-01   6.2863874e-02  -7.5945384e-01  -2.5145550e-01  -8.0000000e-02
   7.0010000e+01  -1.2510975e-01  -1.5603702e-01   5.0043899e-01   6.2414807e-01  -8.0000000e-02
   8.0000000e+01   2.2077442e-02   1.9877773e-01  -8.8309770e-02  -7.9511093e-01  -8.0000000e-02
   9.0000000e+01   8.9614730e-02  -1.7879933e-01  -3.5845892e-01   7.1519732e-01  -8.0000000e-02
   1.0000000e+02  -1.7246378e-01   1.0127312e-01   6.8985512e-01  -4.0509248e-01  -8.0000000e-02
   1.1000000e+02   1.9980416e-01   8.8485457e-03  -7.9921665e-01  -3.5394183e-02  -8.0000000e-02
   1.2000000e+02  -1.6283619e-01  -1.1612225e-01   6.5134475e-01   4.6448898e-01  -8.0000000e-02
   1.3000000e+02   7.3458254e-02   1.8602119e-01  -2.9383302e-01  -7.4408478e-01  -8.0000000e-02
   1.4000000e+02   3.9562729e-02  -1.9604793e-01  -1.5825092e-01   7.8419172e-01  -8.0000000e-02
   1.5000000e+02  -1.3985017e-01   1.4297527e-01   5.5940069e-01  -5.7190110e-01  -8.0000000e-02
   1.6001000e+02   1.9555495e-01  -4.1931614e-02  -7.8221981e-01   1.6772645e-01  -8.0000000e-02
   1.7001000e+02  -1.8689628e-01  -7.1202401e-02   7.4758510e-01   2.8480961e-01  -8.0000000e-02
   1.8001000e+02   1.1808373e-01   1.6141943e-01  -4.7233493e-01  -6.4567771e-01  -8.0000000e-02
   1.9001000e+02  -1.1265120e-02  -1.9968249e-01   4.5060479e-02   7.9872996e-01  -8.0000000e-02
   2.0001000e+02  -9.9179251e-02   1.7367635e-01   3.9671700e-01  -6.9470542e-01  -8.0000000e-02
   2.1001000e+02   1.7770209e-01  -9.1771276e-02  -7.1080836e-01   3.6708510e-01  -8.0000000e-02
   2.2001000e+02  -1.9903028e-01  -1.9671026e-02   7.9612110e-01   7.8684103e-02  -8.0000000e-02
   2.3001000e+02   1.5629918e-01   1.2478207e-01  -6.2519673e-01  -4.9912828e-01  -8.0000000e-02
   2.4001000e+02  -6.3262111e-02  -1.8973114e-01   2.5304845e-01   7.5892456e-01  -8.0000000e-02
   2.5001000e+02  -5.0136311e-02   1.9361392e-01   2.0054524e-01  -7.7445568e-01  -8.0000000e-02
   2.6001000e+02   1.4739801e-01  -1.3518071e-01  -5.8959205e-01   5.4072286e-01  -8.0000000e-02
   2.7001000e+02  -1.9721864e-01   3.3238656e-02   7.8887456e-01  -1.3295462e-01  -8.0000000e-02
   2.8001000e+02   1.8356307e-01   7.9401496e-02  -7.3425230e-01  -3.1760598e-01  -8.0000000e-02
   2.9001000e+02  -1.1082646e-01  -1.6648572e-01   4.4330583e-01   6.6594290e-01  -8.0000000e-02
   3.0001000e+02   2.4195732e-03   1.9998536e-01  -9.6782929e-03  -7.9994145e-01  -8.0000000e-02
   3.1001000e+02   1.0676607e-01  -1.6911832e-01  -4.2706427e-01   6.7647329e-01  -8.0000000e-02
   3.2001000e+02  -1.8158831e-01   8.3819372e-02   7.2635322e-01  -3.3527749e-01  -8.0000000e-02
   3.3001000e+02   1.9796508e-01   2.8457427e-02  -7.9186034e-01  -1.1382971e-01  -8.0000000e-02
   3.4001000e+02  -1.5062542e-01  -1.3157500e-01   6.0250169e-01   5.2630002e-01  -8.0000000e-02
   3.5001000e+02   5.4805921e-02   1.9234425e-01  -2.1922368e-01  -7.6937700e-01  -8.0000000e-02
   3.6001000e+02   5.8653248e-02  -1.9120616e-01  -2.3461299e-01   7.6482465e-01  -8.0000000e-02
   3.7001000e+02  -1.5323446e-01   1.2852704e-01   6.1293785e-01  -5.1410815e-01  -8.0000000e-02
   3.8001000e+02   1.9849610e-01  -2.4480593e-02  -7.9398439e-01   9.7922373e-02  -8.0000000e-02
   3.9001000e+02  -1.7987038e-01  -8.7445101e-02   7.1948153e-01   3.4978041e-01  -8.0000000e-02
   4.0001000e+02   1.0335213e-01   1.7122598e-01  -4.1340853e-01  -6.8490393e-01  -8.0000000e-02
   4.1001000e+02   6.4307215e-03  -1.9989659e-01  -2.5722886e-02   7.9958635e-01  -8.0000000e-02
   4.2001000e+02  -1.1414380e-01   1.6422908e-01   4.5657521e-01  -6.5691634e-01  -8.0000000e-02
   4.3001000e+02   1.8511891e-01  -7.5703308e-02  -7.4047562e-01   3.0281323e-01  -8.0000000e-02
   4.4001000e+02  -1.9651220e-01  -3.7188106e-02   7.8604880e-01   1.4875243e-01  -8.0000000e-02
   4.5001000e+02   1.4465667e-01   1.3811027e-01  -5.7862670e-01  -5.5244108e-01  -8.0000000e-02
   4.6001000e+02  -4.6242390e-02  -1.9458068e-01   1.8496956e-01   7.7832272e-01  -8.0000000e-02
   4.7001000e+02  -6.7055329e-02   1.8842394e-01   2.6822132e-01  -7.5369578e-01  -8.0000000e-02
   4.8001000e+02   1.5877082e-01  -1.2162165e-01  -6.3508329e-01   4.8648660e-01  -8.0000000e-02
   4.9001000e+02  -1.9938482e-01   1.5674579e-02   7.9753929e-01  -6.2698314e-02  -8.0000000e-02
   5.0001000e+02   1.7582543e-01   9.5317464e-02  -7.0330171e-01  -3.8126986e-01  -8.0000000e-02
   5.1001000e+02  -9.5675393e-02  -1.7563092e-01   3.8270157e-01   7.0252367e-01  -8.0000000e-02
   5.2001000e+02  -1.5268433e-02   1.9941634e-01   6.1073731e-02  -7.9766534e-01  -8.0000000e-02
   5.3001000e+02   1.2129801e-01  -1.5901822e-01  -4.8519203e-01   6.3607287e-01  -8.0000000e-02
   5.4001000e+02  -1.8828697e-01   6.7438977e-02   7.5314789e-01  -2.6975591e-01  -8.0000000e-02
   5.5001000e+02   1.9467446e-01   4.5845967e-02  -7.7869786e-01  -1.8338387e-01  -8.0000000e-02
   5.6001000e+02  -1.3840462e-01  -1.4437507e-01   5.5361849e-01   5.7750027e-01  -8.0000000e-02
   5.7001000e+02   3.7588288e-02   1.9643605e-01  -1.5035315e-01  -7.8574419e-01  -8.0000000e-02
   5.8001000e+02   7.5326098e-02  -1.8527271e-01  -3.0130439e-01   7.4109086e-01  -8.0000000e-02
   5.9001000e+02  -1.6399626e-01   1.1447807e-01   6.5598502e-01  -4.5791227e-01  -8.0000000e-02
   6.0001000e+02   1.9988307e-01  -6.8378568e-03  -7.9953230e-01   2.7351427e-02  -8.0000000e-02
   6.1001000e+02  -1.7143613e-01  -1.0300317e-01   6.8574453e-01   4.1201266e-01  -8.0000000e-02
   6.2001000e+02   8.7811276e-02   1.7969190e-01  -3.5124510e-01  -7.1876761e-01  -8.0000000e-02
   6.3001000e+02   2.4076252e-02  -1.9854555e-01  -9.6305008e-02   7.9418219e-01  -8.0000000e-02
   6.4001000e+02  -1.2821467e-01   1.5349592e-01   5.1285868e-01  -6.1398369e-01  -8.0000000e-02
   6.5001000e+02   1.9108630e-01  -5.9042565e-02  -7.6434521e-01   2.3617026e-01  -8.0000000e-02
   6.6001000e+02  -1.9245548e-01  -5.4414054e-02   7.6982191e-01   2.1765621e-01  -8.0000000e-02
   6.7001000e+02   1.3188151e-01   1.5035713e-01  -5.2752605e-01  -6.0142852e-01  -8.0000000e-02
   6.8001000e+02  -2.8860564e-02  -1.9790671e-01   1.1544226e-01   7.9162686e-01  -8.0000000e-02
   6.9001000e+02  -8.3449359e-02   1.8175864e-01   3.3379743e-01  -7.2703457e-01  -8.0000000e-02
   7.0001000e+02   1.6890052e-01  -1.0711028e-01  -6.7560209e-01   4.2844114e-01  -8.0000000e-02
   7.1001000e+02  -1.9998988e-01  -2.0122664e-03   7.9995951e-01   8.0490655e-03  -8.0000000e-02
   7.2001000e+02   1.6671109e-01   1.1048716e-01  -6.6684437e-01  -4.4194862e-01  -8.0000000e-02
   7.3001000e+02  -7.9775180e-02  -1.8340098e-01   3.1910072e-01   7.3360393e-01  -8.0000000e-02
   7.4001000e+02  -3.2836930e-02   1.9728592e-01   1.3134772e-01  -7.8914370e-01  -8.0000000e-02
   7.5001000e+02   1.3488025e-01  -1.4767301e-01  -5.3952098e-01   5.9069206e-01  -8.0000000e-02
   7.6001000e+02  -1.9351141e-01   5.0530514e-02   7.7404565e-01  -2.0212206e-01  -8.0000000e-02
   7.7001000e+02   1.8985958e-01   6.2875585e-02  -7.5943833e-01  -2.5150234e-01  -8.0000000e-02
   7.8001000e+02  -1.2510012e-01  -1.5604474e-01   5.0040047e-01   6.2417895e-01  -8.0000000e-02
   7.9001000e+02   2.0076309e-02   1.9898980e-01  -8.0305236e-02  -7.9595921e-01  -8.0000000e-02
   8.0001000e+02   9.1409200e-02  -1.7788861e-01  -3.6563680e-01   7.1155444e-01  -8.0000000e-02
   8.1001000e+02  -1.7347402e-01   9.9532728e-02   6.9389608e-01  -3.9813091e-01  -8.0000000e-02
   8.2001000e+02   1.9970502e-01   1.0858459e-02  -7.9882007e-01  -4.3433835e-02  -8.0000000e-02
   8.3001000e+02  -1.6165956e-01  -1.1775477e-01   6.4663823e-01   4.7101910e-01  -8.0000000e-02
   8.4001000e+02   7.1582843e-02   1.8675089e-01  -2.8633137e-01  -7.4700358e-01  -8.0000000e-02
   8.5001000e+02   4.1533311e-02  -1.9563993e-01  -1.6613324e-01   7.8255974e-01  -8.0000000e-02
   8.6001000e+02  -1.4128168e-01   1.4156090e-01   5.6512671e-01  -5.6624358e-01  -8.0000000e-02
   8.7001000e+02   1.9555755e-01  -4.1919494e-02  -7.8223020e-01   1.6767798e-01  -8.0000000e-02
   8.8001000e+02  -1.8689186e-01  -7.1213990e-02   7.4756744e-01   2.8485596e-01  -8.0000000e-02
   8.9001000e+02   1.1807372e-01   1.6142675e-01  -4.7229488e-01  -6.4570701e-01  -8.0000000e-02
   9.0001000e+02  -1.1252727e-02  -1.9968319e-01   4.5010906e-02   7.9873276e-01  -8.0000000e-02
   9.1001000e+02  -9.9190035e-02   1.7367020e-01   3.9676014e-01  -6.9468078e-01  -8.0000000e-02
   9.2001000e+02   1.7770779e-01  -9.1760236e-02  -7.1083116e-01   3.6704095e-01  -8.0000000e-02
   9.3001000e+02  -1.9902905e-01  -1.9683396e-02   7.9611621e-01   7.8733584e-02  -8.0000000e-02
   9.4001000e+02   1.5629142e-01   1.2479179e-01  -6.2516569e-01  -4.9916716e-01  -8.0000000e-02
   9.5001000e+02  -6.3250308e-02  -1.8973507e-01   2.5300123e-01   7.5894030e-01  -8.0000000e-02
   9.6001000e+02  -5.0148362e-02   1.9361080e-01   2.0059345e-01  -7.7444320e-01  -8.0000000e-02
   9.7001000e+02   1.4740643e-01  -1.3517154e-01  -5.8962572e-01   5.4068614e-01  -8.0000000e-02
   9.8001000e+02  -1.9722071e-01   3.3226369e-02   7.8888284e-01  -1.3290547e-01  -8.0000000e-02
   9.9001000e+02   1.8355812e-01   7.9412937e-02  -7.3423250e-01  -3.1765175e-01  -8.0000000e-02
