   0.0000000e+00  -2.0000000e-01   0.0000000e+00   8.0000000e-01   0.0000000e+00  -8.0000000e-02
   5.0000000e-02  -1.9975005e-01  -9.9958339e-03   7.9900021e-01   3.9983335e-02  -8.0000000e-02
   1.1000000e-01  -1.9879122e-01  -2.1955660e-02   7.9516488e-01   8.7822641e-02  -8.0000000e-02
   1.6000000e-01  -1.9744546e-01  -3.1863641e-02   7.8978183e-01   1.2745457e-01  -8.0000000e-02
   2.0000000e-01  -1.9601332e-01  -3.9733866e-02   7.8405326e-01   1.5893546e-01  -8.0000000e-02
   2.5000000e-01  -1.9378248e-01  -4.9480792e-02   7.7512994e-01   1.9792317e-01  -8.0000000e-02
   3.0000000e-01  -1.9106730e-01  -5.9104041e-02   7.6426919e-01   2.3641617e-01  -8.0000000e-02
   3.5000000e-01  -1.8787454e-01  -6.8579561e-02   7.5149817e-01   2.7431825e-01  -8.0000000e-02
   4.0000000e-01  -1.8421220e-01  -7.7883668e-02   7.3684880e-01   3.1153467e-01  -8.0000000e-02
   4.5000000e-01  -1.8008942e-01  -8.6993107e-02   7.2035768e-01   3.4797243e-01  -8.0000000e-02
   5.0000000e-01  -1.7551651e-01  -9.5885108e-02   7.0206605e-01   3.8354043e-01  -8.0000000e-02
   5.5000000e-01  -1.7050490e-01  -1.0453745e-01   6.8201962e-01   4.1814978e-01  -8.0000000e-02
   6.0000000e-01  -1.6506712e-01  -1.1292849e-01   6.6026849e-01   4.5171398e-01  -8.0000000e-02
   6.5000000e-01  -1.5921676e-01  -1.2103728e-01   6.3686704e-01   4.8414912e-01  -8.0000000e-02
   7.0000000e-01  -1.5296844e-01  -1.2884354e-01   6.1187375e-01   5.1537415e-01  -8.0000000e-02
   7.5000000e-01  -1.4633777e-01  -1.3632775e-01   5.8535110e-01   5.4531101e-01  -8.0000000e-02
   8.0000000e-01  -1.3934134e-01  -1.4347122e-01   5.5736537e-01   5.7388487e-01  -8.0000000e-02
   8.5000000e-01  -1.3199663e-01  -1.5025608e-01   5.2798652e-01   6.0102432e-01  -8.0000000e-02
   9.0000000e-01  -1.2432199e-01  -1.5666538e-01   4.9728797e-01   6.2666153e-01  -8.0000000e-02
   9.5000000e-01  -1.1633662e-01  -1.6268310e-01   4.6534647e-01   6.5073240e-01  -8.0000000e-02
   1.0000000e+00  -1.0806046e-01  -1.6829420e-01   4.3224184e-01   6.7317679e-01  -8.0000000e-02
   1.0500000e+00  -9.9514210e-02  -1.7348465e-01   3.9805684e-01   6.9393858e-01  -8.0000000e-02
   1.1000000e+00  -9.0719224e-02  -1.7824147e-01   3.6287690e-01   7.1296589e-01  -8.0000000e-02
   1.1500000e+00  -8.1697488e-02  -1.8255279e-01   3.2678995e-01   7.3021115e-01  -8.0000000e-02
   1.2000000e+00  -7.2471551e-02  -1.8640782e-01   2.8988620e-01   7.4563127e-01  -8.0000000e-02
   1.2500000e+00  -6.3064472e-02  -1.8979692e-01   2.5225789e-01   7.5918770e-01  -8.0000000e-02
   1.3000000e+00  -5.3499766e-02  -1.9271164e-01   2.1399906e-01   7.7084655e-01  -8.0000000e-02
   1.3500000e+00  -4.3801337e-02  -1.9514467e-01   1.7520535e-01   7.8057869e-01  -8.0000000e-02
   1.4000000e+00  -3.3993429e-02  -1.9708995e-01   1.3597371e-01   7.8835978e-01  -8.0000000e-02
   1.4500000e+00  -2.4100554e-02  -1.9854260e-01   9.6402215e-02   7.9417039e-01  -8.0000000e-02
   1.5000000e+00  -1.4147440e-02  -1.9949900e-01   5.6589761e-02   7.9799599e-01  -8.0000000e-02
   1.5500000e+00  -4.1589656e-03  -1.9995675e-01   1.6635862e-02   7.9982701e-01  -8.0000000e-02
   1.6000000e+00   5.8399045e-03  -1.9991472e-01  -2.3359618e-02   7.9965888e-01  -8.0000000e-02
   1.6500000e+00   1.5824178e-02  -1.9937301e-01  -6.3296711e-02   7.9749202e-01  -8.0000000e-02
   1.7000000e+00   2.5768899e-02  -1.9833296e-01  -1.0307560e-01   7.9333185e-01  -8.0000000e-02
   1.7500000e+00   3.5649211e-02  -1.9679719e-01  -1.4259684e-01   7.8718876e-01  -8.0000000e-02
   1.8000000e+00   4.5440419e-02  -1.9476953e-01  -1.8176168e-01   7.7907810e-01  -8.0000000e-02
   1.8500000e+00   5.5118049e-02  -1.9225504e-01  -2.2047220e-01   7.6902016e-01  -8.0000000e-02
   1.9000000e+00   6.4657913e-02  -1.8926002e-01  -2.5863165e-01   7.5704007e-01  -8.0000000e-02
   1.9500000e+00   7.4036166e-02  -1.8579194e-01  -2.9614467e-01   7.4316777e-01  -8.0000000e-02
   2.0000000e+00   8.3229367e-02  -1.8185949e-01  -3.3291747e-01   7.2743794e-01  -8.0000000e-02
   2.0600000e+00   9.3984623e-02  -1.7654147e-01  -3.7593849e-01   7.0616588e-01  -8.0000000e-02
   2.1100000e+00   1.0269056e-01  -1.7162357e-01  -4.1076225e-01   6.8649426e-01  -8.0000000e-02
   2.1600000e+00   1.1113983e-01  -1.6627669e-01  -4.4455932e-01   6.6510677e-01  -8.0000000e-02
   2.2100000e+00   1.1931130e-01  -1.6051421e-01  -4.7724522e-01   6.4205685e-01  -8.0000000e-02
   2.2600000e+00   1.2718456e-01  -1.5435053e-01  -5.0873825e-01   6.1740213e-01  -8.0000000e-02
   2.3100000e+00   1.3473993e-01  -1.4780106e-01  -5.3895971e-01   5.9120422e-01  -8.0000000e-02
   2.3600000e+00   1.4195851e-01  -1.4088215e-01  -5.6783405e-01   5.6352861e-01  -8.0000000e-02
   2.4100000e+00   1.4882227e-01  -1.3361112e-01  -5.9528909e-01   5.3444447e-01  -8.0000000e-02
   2.4600000e+00   1.5531406e-01  -1.2600613e-01  -6.2125623e-01   5.0402450e-01  -8.0000000e-02
   2.5100000e+00   1.6141764e-01  -1.1808618e-01  -6.4567054e-01   4.7234473e-01  -8.0000000e-02
   2.5600000e+00   1.6711776e-01  -1.0987109e-01  -6.6847102e-01   4.3948435e-01  -8.0000000e-02
   2.6100000e+00   1.7240017e-01  -1.0138137e-01  -6.8960067e-01   4.0552548e-01  -8.0000000e-02
   2.6600000e+00   1.7725167e-01  -9.2638253e-02  -7.0900668e-01   3.7055301e-01  -8.0000000e-02
   2.7100000e+00   1.8166013e-01  -8.3663588e-02  -7.2664053e-01   3.3465435e-01  -8.0000000e-02
   2.7600000e+00   1.8561454e-01  -7.4479808e-02  -7.4245817e-01   2.9791923e-01  -8.0000000e-02
   2.8100000e+00   1.8910501e-01  -6.5109867e-02  -7.5642004e-01   2.6043947e-01  -8.0000000e-02
   2.8600000e+00   1.9212282e-01  -5.5577185e-02  -7.6849126e-01   2.2230874e-01  -8.0000000e-02
   2.9100000e+00   1.9466041e-01  -4.5905589e-02  -7.7864166e-01   1.8362236e-01  -8.0000000e-02
   2.9600000e+00   1.9671146e-01  -3.6119253e-02  -7.8684585e-01   1.4447701e-01  -8.0000000e-02
   3.0100000e+00   1.9827083e-01  -2.6242638e-02  -7.9308334e-01   1.0497055e-01  -8.0000000e-02
   3.0600000e+00   1.9933463e-01  -1.6300430e-02  -7.9733853e-01   6.5201721e-02  -8.0000000e-02
   3.1100000e+00   1.9990020e-01  -6.3174795e-03  -7.9960079e-01   2.5269918e-02  -8.0000000e-02
   3.1600000e+00   1.9996612e-01   3.6812615e-03  -7.9986447e-01  -1.4725046e-02  -8.0000000e-02
   3.2100000e+00   1.9953223e-01   1.3670801e-02  -7.9812890e-01  -5.4683205e-02  -8.0000000e-02
   3.2600000e+00   1.9859961e-01   2.3626171e-02  -7.9439843e-01  -9.4504685e-02  -8.0000000e-02
   3.3100000e+00   1.9717059e-01   3.3522488e-02  -7.8868237e-01  -1.3408995e-01  -8.0000000e-02
   3.3600000e+00   1.9524876e-01   4.3335016e-02  -7.8099502e-01  -1.7334006e-01  -8.0000000e-02
   3.4100000e+00   1.9283890e-01   5.3039229e-02  -7.7135559e-01  -2.1215692e-01  -8.0000000e-02
   3.4600000e+00   1.8994704e-01   6.2610872e-02  -7.5978817e-01  -2.5044349e-01  -8.0000000e-02
   3.5100000e+00   1.8658042e-01   7.2026020e-02  -7.4632167e-01  -2.8810408e-01  -8.0000000e-02
   3.5600000e+00   1.8274744e-01   8.1261141e-02  -7.3098976e-01  -3.2504456e-01  -8.0000000e-02
   3.6100000e+00   1.7845769e-01   9.0293151e-02  -7.1383076e-01  -3.6117260e-01  -8.0000000e-02
   3.6600000e+00   1.7372189e-01   9.9099475e-02  -6.9488755e-01  -3.9639790e-01  -8.0000000e-02
   3.7100000e+00   1.6855187e-01   1.0765810e-01  -6.7420748e-01  -4.3063241e-01  -8.0000000e-02
   3.7600000e+00   1.6296056e-01   1.1594764e-01  -6.5184225e-01  -4.6379056e-01  -8.0000000e-02
   3.8100000e+00   1.5696194e-01   1.2394737e-01  -6.2784775e-01  -4.9578948e-01  -8.0000000e-02
   3.8600000e+00   1.5057099e-01   1.3163729e-01  -6.0228396e-01  -5.2654918e-01  -8.0000000e-02
   3.9100000e+00   1.4380369e-01   1.3899819e-01  -5.7521477e-01  -5.5599278e-01  -8.0000000e-02
   3.9600000e+00   1.3667696e-01   1.4601167e-01  -5.4670784e-01  -5.8404669e-01  -8.0000000e-02
   4.0100000e+00   1.2920861e-01   1.5266020e-01  -5.1683443e-01  -6.1064079e-01  -8.0000000e-02
   4.0600000e+00   1.2141730e-01   1.5892715e-01  -4.8566920e-01  -6.3570860e-01  -8.0000000e-02
   4.1100000e+00   1.1332251e-01   1.6479687e-01  -4.5329006e-01  -6.5918747e-01  -8.0000000e-02
   4.1600000e+00   1.0494448e-01   1.7025468e-01  -4.1977792e-01  -6.8101872e-01  -8.0000000e-02
   4.2100000e+00   9.6304139e-02   1.7528694e-01  -3.8521656e-01  -7.0114778e-01  -8.0000000e-02
   4.2600000e+00   8.7423088e-02   1.7988108e-01  -3.4969235e-01  -7.1952433e-01  -8.0000000e-02
   4.3100000e+00   7.8323525e-02   1.8402561e-01  -3.1329410e-01  -7.3610244e-01  -8.0000000e-02
   4.3600000e+00   6.9028194e-02   1.8771017e-01  -2.7611277e-01  -7.5084069e-01  -8.0000000e-02
   4.4100000e+00   5.9560328e-02   1.9092555e-01  -2.3824131e-01  -7.6370222e-01  -8.0000000e-02
   4.4600000e+00   4.9943592e-02   1.9366372e-01  -1.9977437e-01  -7.7465489e-01  -8.0000000e-02
   4.5100000e+00   4.0202024e-02   1.9591783e-01  -1.6080810e-01  -7.8367133e-01  -8.0000000e-02
   4.5600000e+00   3.0359971e-02   1.9768225e-01  -1.2143989e-01  -7.9072900e-01  -8.0000000e-02
   4.6100000e+00   2.0442035e-02   1.9895257e-01  -8.1768139e-02  -7.9581026e-01  -8.0000000e-02
   4.6600000e+00   1.0473004e-02   1.9972560e-01  -4.1892014e-02  -7.9890241e-01  -8.0000000e-02
   4.7100000e+00   4.7779534e-04   1.9999943e-01  -1.9111813e-03  -7.9999772e-01  -8.0000000e-02
   4.7600000e+00  -9.5186071e-03   1.9977336e-01   3.8074428e-02  -7.9909345e-01  -8.0000000e-02
   4.8100000e+00  -1.9491218e-02   1.9904797e-01   7.7964872e-02  -7.9619186e-01  -8.0000000e-02
   4.8600000e+00  -2.9415111e-02   1.9782505e-01   1.1766044e-01  -7.9130021e-01  -8.0000000e-02
   4.9100000e+00  -3.9265482e-02   1.9610768e-01   1.5706193e-01  -7.8443072e-01  -8.0000000e-02
   4.9600000e+00  -4.9017709e-02   1.9390014e-01   1.9607084e-01  -7.7560056e-01  -8.0000000e-02
   5.0100000e+00  -5.8647417e-02   1.9120795e-01   2.3458967e-01  -7.6483180e-01  -8.0000000e-02
   5.0600000e+00  -6.8130538e-02   1.8803784e-01   2.7252215e-01  -7.5215137e-01  -8.0000000e-02
   5.1100000e+00  -7.7443368e-02   1.8439774e-01   3.0977347e-01  -7.3759094e-01  -8.0000000e-02
   5.1600000e+00  -8.6562629e-02   1.8029673e-01   3.4625052e-01  -7.2118692e-01  -8.0000000e-02
   5.2100000e+00  -9.5465529e-02   1.7574508e-01   3.8186212e-01  -7.0298032e-01  -8.0000000e-02
   5.2600000e+00  -1.0412982e-01   1.7075416e-01   4.1651926e-01  -6.8301662e-01  -8.0000000e-02
   5.3100000e+00  -1.1253383e-01   1.6533644e-01   4.5013532e-01  -6.6134574e-01  -8.0000000e-02
   5.3600000e+00  -1.2065657e-01   1.5950546e-01   4.8262628e-01  -6.3802184e-01  -8.0000000e-02
   5.4100000e+00  -1.2847773e-01   1.5327581e-01   5.1391093e-01  -6.1310322e-01  -8.0000000e-02
   5.4600000e+00  -1.3597777e-01   1.4666304e-01   5.4391106e-01  -5.8665216e-01  -8.0000000e-02
   5.5100000e+00  -1.4313793e-01   1.3968369e-01   5.7255170e-01  -5.5873477e-01  -8.0000000e-02
   5.5600000e+00  -1.4994032e-01   1.3235521e-01   5.9976126e-01  -5.2942084e-01  -8.0000000e-02
   5.6100000e+00  -1.5636793e-01   1.2469591e-01   6.2547173e-01  -4.9878364e-01  -8.0000000e-02
   5.6600000e+00  -1.6240471e-01   1.1672493e-01   6.4961885e-01  -4.6689973e-01  -8.0000000e-02
   5.7100000e+00  -1.6803556e-01   1.0846220e-01   6.7214225e-01  -4.3384881e-01  -8.0000000e-02
   5.7600000e+00  -1.7324641e-01   9.9928376e-02   6.9298565e-01  -3.9971351e-01  -8.0000000e-02
   5.8100000e+00  -1.7802424e-01   9.1144780e-02   7.1209695e-01  -3.6457912e-01  -8.0000000e-02
   5.8600000e+00  -1.8235709e-01   8.2133369e-02   7.2942837e-01  -3.2853348e-01  -8.0000000e-02
   5.9100000e+00  -1.8623415e-01   7.2916668e-02   7.4493661e-01  -2.9166667e-01  -8.0000000e-02
   5.9600000e+00  -1.8964572e-01   6.3517713e-02   7.5858289e-01  -2.5407085e-01  -8.0000000e-02
   6.0100000e+00  -1.9258328e-01   5.3959997e-02   7.7033311e-01  -2.1583999e-01  -8.0000000e-02
   6.0600000e+00  -1.9503947e-01   4.4267408e-02   7.8015790e-01  -1.7706963e-01  -8.0000000e-02
   6.1100000e+00  -1.9700817e-01   3.4464175e-02   7.8803270e-01  -1.3785670e-01  -8.0000000e-02
   6.1600000e+00  -1.9848446e-01   2.4574799e-02   7.9393782e-01  -9.8299195e-02  -8.0000000e-02
   6.2100000e+00  -1.9946463e-01   1.4623998e-02   7.9785852e-01  -5.8495994e-02  -8.0000000e-02
   6.2600000e+00  -1.9994625e-01   4.6366457e-03   7.9978499e-01  -1.8546583e-02  -8.0000000e-02
   6.3100000e+00  -1.9992810e-01  -5.3622962e-03   7.9971241e-01   2.1449185e-02  -8.0000000e-02
   6.3600000e+00  -1.9941024e-01  -1.5347835e-02   7.9764096e-01   6.1391341e-02  -8.0000000e-02
   6.4100000e+00  -1.9839396e-01  -2.5295013e-02   7.9357583e-01   1.0118005e-01  -8.0000000e-02
   6.4600000e+00  -1.9688179e-01  -3.5178966e-02   7.8752717e-01   1.4071586e-01  -8.0000000e-02
   6.5100000e+00  -1.9487753e-01  -4.4974989e-02   7.7951011e-01   1.7989996e-01  -8.0000000e-02
   6.5600000e+00  -1.9238617e-01  -5.4658599e-02   7.6954467e-01   2.1863440e-01  -8.0000000e-02
   6.6100000e+00  -1.8941394e-01  -6.4205591e-02   7.5765577e-01   2.5682236e-01  -8.0000000e-02
   6.6600000e+00  -1.8596828e-01  -7.3592102e-02   7.4387313e-01   2.9436841e-01  -8.0000000e-02
   6.7100000e+00  -1.8205780e-01  -8.2794672e-02   7.2823120e-01   3.3117869e-01  -8.0000000e-02
   6.7600000e+00  -1.7769227e-01  -9.1790298e-02   7.1076906e-01   3.6716119e-01  -8.0000000e-02
   6.8100000e+00  -1.7288259e-01  -1.0055650e-01   6.9153038e-01   4.0222598e-01  -8.0000000e-02
   6.8600000e+00  -1.6764081e-01  -1.0907135e-01   6.7056322e-01   4.3628542e-01  -8.0000000e-02
   6.9100000e+00  -1.6198000e-01  -1.1731359e-01   6.4792001e-01   4.6925437e-01  -8.0000000e-02
   6.9600000e+00  -1.5591433e-01  -1.2526261e-01   6.2365733e-01   5.0105043e-01  -8.0000000e-02
   7.0100000e+00  -1.4945896e-01  -1.3289853e-01   5.9783584e-01   5.3159412e-01  -8.0000000e-02
   7.0600000e+00  -1.4263002e-01  -1.4020228e-01   5.7052007e-01   5.6080910e-01  -8.0000000e-02
   7.1100000e+00  -1.3544457e-01  -1.4715559e-01   5.4177830e-01   5.8862236e-01  -8.0000000e-02
   7.1600000e+00  -1.2792059e-01  -1.5374109e-01   5.1168236e-01   6.1496436e-01  -8.0000000e-02
   7.2100000e+00  -1.2007687e-01  -1.5994232e-01   4.8030748e-01   6.3976927e-01  -8.0000000e-02
   7.2600000e+00  -1.1193302e-01  -1.6574377e-01   4.4773208e-01   6.6297510e-01  -8.0000000e-02
   7.3100000e+00  -1.0350940e-01  -1.7113096e-01   4.1403759e-01   6.8452383e-01  -8.0000000e-02
   7.3600000e+00  -9.4827055e-02  -1.7609040e-01   3.7930822e-01   7.0436161e-01  -8.0000000e-02
   7.4100000e+00  -8.5907694e-02  -1.8060971e-01   3.4363077e-01   7.2243885e-01  -8.0000000e-02
   7.4600000e+00  -7.6773608e-02  -1.8467759e-01   3.0709443e-01   7.3871037e-01  -8.0000000e-02
   7.5100000e+00  -6.7447628e-02  -1.8828387e-01   2.6979051e-01   7.5313550e-01  -8.0000000e-02
   7.5600000e+00  -5.7953065e-02  -1.9141955e-01   2.3181226e-01   7.6567818e-01  -8.0000000e-02
   7.6100000e+00  -4.8313649e-02  -1.9407677e-01   1.9325459e-01   7.7630707e-01  -8.0000000e-02
   7.6600000e+00  -3.8553473e-02  -1.9624890e-01   1.5421389e-01   7.8499559e-01  -8.0000000e-02
   7.7100000e+00  -2.8696935e-02  -1.9793051e-01   1.1478774e-01   7.9172203e-01  -8.0000000e-02
   7.7600000e+00  -1.8768669e-02  -1.9911740e-01   7.5074675e-02   7.9646958e-01  -8.0000000e-02
   7.8100000e+00  -8.7934908e-03  -1.9980659e-01   3.5173963e-02   7.9922637e-01  -8.0000000e-02
   7.8600000e+00   1.2036663e-03  -1.9999638e-01  -4.8146650e-03   7.9998551e-01  -8.0000000e-02
   7.9100000e+00   1.1197815e-02  -1.9968628e-01  -4.4791259e-02   7.9874511e-01  -8.0000000e-02
   7.9600000e+00   2.1163975e-02  -1.9887706e-01  -8.4655899e-02   7.9550825e-01  -8.0000000e-02
   8.0100000e+00   3.1077236e-02  -1.9757076e-01  -1.2430894e-01   7.9028304e-01  -8.0000000e-02
   8.0600000e+00   4.0912820e-02  -1.9577063e-01  -1.6365128e-01   7.8308254e-01  -8.0000000e-02
   8.1100000e+00   5.0646143e-02  -1.9348118e-01  -2.0258457e-01   7.7392473e-01  -8.0000000e-02
   8.1600000e+00   6.0252877e-02  -1.9070813e-01  -2.4101151e-01   7.6283252e-01  -8.0000000e-02
   8.2100000e+00   6.9709011e-02  -1.8745841e-01  -2.7883604e-01   7.4983362e-01  -8.0000000e-02
   8.2600000e+00   7.8990908e-02  -1.8374013e-01  -3.1596363e-01   7.3496053e-01  -8.0000000e-02
   8.3100000e+00   8.8075369e-02  -1.7956261e-01  -3.5230148e-01   7.1825042e-01  -8.0000000e-02
   8.3600000e+00   9.6939688e-02  -1.7493627e-01  -3.8775875e-01   6.9974506e-01  -8.0000000e-02
   8.4100000e+00   1.0556171e-01  -1.6987268e-01  -4.2224683e-01   6.7949070e-01  -8.0000000e-02
   8.4600000e+00   1.1391988e-01  -1.6438449e-01  -4.5567951e-01   6.5753797e-01  -8.0000000e-02
   8.5100000e+00   1.2199331e-01  -1.5848543e-01  -4.8797323e-01   6.3394173e-01  -8.0000000e-02
   8.5600000e+00   1.2976182e-01  -1.5219024e-01  -5.1904728e-01   6.0876098e-01  -8.0000000e-02
   8.6100000e+00   1.3720599e-01  -1.4551466e-01  -5.4882397e-01   5.8205863e-01  -8.0000000e-02
   8.6600000e+00   1.4430722e-01  -1.3847536e-01  -5.7722889e-01   5.5390144e-01  -8.0000000e-02
   8.7100000e+00   1.5104776e-01  -1.3108995e-01  -6.0419104e-01   5.2435979e-01  -8.0000000e-02
   8.7600000e+00   1.5741076e-01  -1.2337688e-01  -6.2964302e-01   4.9350751e-01  -8.0000000e-02
   8.8100000e+00   1.6338031e-01  -1.1535543e-01  -6.5352123e-01   4.6142172e-01  -8.0000000e-02
   8.8600000e+00   1.6894149e-01  -1.0704565e-01  -6.7576597e-01   4.2818262e-01  -8.0000000e-02
   8.9100000e+00   1.7408041e-01  -9.8468319e-02  -6.9632165e-01   3.9387328e-01  -8.0000000e-02
   8.9600000e+00   1.7878422e-01  -8.9644865e-02  -7.1513689e-01   3.5857946e-01  -8.0000000e-02
   9.0100000e+00   1.8304116e-01  -8.0597345e-02  -7.3216466e-01   3.2238938e-01  -8.0000000e-02
   9.0600000e+00   1.8684060e-01  -7.1348374e-02  -7.4736240e-01   2.8539350e-01  -8.0000000e-02
   9.1100000e+00   1.9017303e-01  -6.1921069e-02  -7.6069212e-01   2.4768428e-01  -8.0000000e-02
   9.1600000e+00   1.9303013e-01  -5.2338994e-02  -7.7212051e-01   2.0935598e-01  -8.0000000e-02
   9.2100000e+00   1.9540475e-01  -4.2626099e-02  -7.8161899e-01   1.7050439e-01  -8.0000000e-02
   9.2600000e+00   1.9729096e-01  -3.2806660e-02  -7.8916384e-01   1.3122664e-01  -8.0000000e-02
   9.3100000e+00   1.9868405e-01  -2.2905222e-02  -7.9473619e-01   9.1620889e-02  -8.0000000e-02
   9.3600000e+00   1.9958053e-01  -1.2946533e-02  -7.9832211e-01   5.1786132e-02  -8.0000000e-02
   9.4100000e+00   1.9997816e-01  -2.9554841e-03  -7.9991265e-01   1.1821936e-02  -8.0000000e-02
   9.4600000e+00   1.9987595e-01   7.0429519e-03  -7.9950381e-01  -2.8171807e-02  -8.0000000e-02
   9.5100000e+00   1.9927416e-01   1.7023784e-02  -7.9709664e-01  -6.8095137e-02  -8.0000000e-02
   9.5600000e+00   1.9817428e-01   2.6962066e-02  -7.9269714e-01  -1.0784826e-01  -8.0000000e-02
   9.6100000e+00   1.9657908e-01   3.6832956e-02  -7.8631631e-01  -1.4733183e-01  -8.0000000e-02
   9.6600000e+00   1.9449252e-01   4.6611784e-02  -7.7797009e-01  -1.8644713e-01  -8.0000000e-02
   9.7100000e+00   1.9191984e-01   5.6274106e-02  -7.6767936e-01  -2.2509642e-01  -8.0000000e-02
   9.7600000e+00   1.8886746e-01   6.5795772e-02  -7.5546983e-01  -2.6318309e-01  -8.0000000e-02
   9.8100000e+00   1.8534300e-01   7.5152983e-02  -7.4137202e-01  -3.0061193e-01  -8.0000000e-02
   9.8600000e+00   1.8135529e-01   8.4322351e-02  -7.2542116e-01  -3.3728940e-01  -8.0000000e-02
   9.9100000e+00   1.7691428e-01   9.3280957e-02  -7.0765713e-01  -3.7312383e-01  -8.0000000e-02
   9.9600000e+00   1.7203108e-01   1.0200641e-01  -6.8812432e-01  -4.0802563e-01  -8.0000000e-02
   1.0010000e+01   1.6671789e-01   1.1047690e-01  -6.6687156e-01  -4.4190759e-01  -8.0000000e-02
   1.0060000e+01   1.6098799e-01   1.1867125e-01  -6.4395197e-01  -4.7468501e-01  -8.0000000e-02
   1.0110000e+01   1.5485571e-01   1.2656899e-01  -6.1942284e-01  -5.0627596e-01  -8.0000000e-02
   1.0160000e+01   1.4833637e-01   1.3415037e-01  -5.9334547e-01  -5.3660149e-01  -8.0000000e-02
   1.0210000e+01   1.4144626e-01   1.4139645e-01  -5.6578505e-01  -5.6558579e-01  -8.0000000e-02
   1.0260000e+01   1.3420261e-01   1.4828910e-01  -5.3681045e-01  -5.9315642e-01  -8.0000000e-02
   1.0310000e+01   1.2662353e-01   1.5481112e-01  -5.0649412e-01  -6.1924447e-01  -8.0000000e-02
   1.0360000e+01   1.1872795e-01   1.6094618e-01  -4.7491181e-01  -6.4378473e-01  -8.0000000e-02
   1.0410000e+01   1.1053562e-01   1.6667897e-01  -4.4214246e-01  -6.6671586e-01  -8.0000000e-02
   1.0460000e+01   1.0206700e-01   1.7199514e-01  -4.0826800e-01  -6.8798055e-01  -8.0000000e-02
   1.0510000e+01   9.3343268e-02   1.7688141e-01  -3.7337307e-01  -7.0752565e-01  -8.0000000e-02
   1.0560000e+01   8.4386227e-02   1.8132558e-01  -3.3754491e-01  -7.2530231e-01  -8.0000000e-02
   1.0610000e+01   7.5218264e-02   1.8531652e-01  -3.0087306e-01  -7.4126608e-01  -8.0000000e-02
   1.0660000e+01   6.5862295e-02   1.8884427e-01  -2.6344918e-01  -7.5537708e-01  -8.0000000e-02
   1.0710000e+01   5.6341705e-02   1.9190001e-01  -2.2536682e-01  -7.6760002e-01  -8.0000000e-02
   1.0760000e+01   4.6680289e-02   1.9447609e-01  -1.8672116e-01  -7.7790437e-01  -8.0000000e-02
   1.0810000e+01   3.6902198e-02   1.9656609e-01  -1.4760879e-01  -7.8626436e-01  -8.0000000e-02
   1.0860000e+01   2.7031870e-02   1.9816477e-01  -1.0812748e-01  -7.9265910e-01  -8.0000000e-02
   1.0910000e+01   1.7093976e-02   1.9926815e-01  -6.8375904e-02  -7.9707260e-01  -8.0000000e-02
   1.0960000e+01   7.1133563e-03   1.9987346e-01  -2.8453425e-02  -7.9949384e-01  -8.0000000e-02
   1.1010000e+01  -2.8850430e-03   1.9997919e-01   1.1540172e-02  -7.9991676e-01  -8.0000000e-02
   1.1060000e+01  -1.2876231e-02   1.9958508e-01   5.1504925e-02  -7.9834030e-01  -8.0000000e-02
   1.1110000e+01  -2.2835236e-02   1.9869210e-01   9.1340943e-02  -7.9476841e-01  -8.0000000e-02
   1.1160000e+01  -3.2737164e-02   1.9730250e-01   1.3094866e-01  -7.8921002e-01  -8.0000000e-02
   1.1210000e+01  -4.2557266e-02   1.9541975e-01   1.7022906e-01  -7.8167900e-01  -8.0000000e-02
   1.1260000e+01  -5.2270997e-02   1.9304855e-01   2.0908399e-01  -7.7219420e-01  -8.0000000e-02
   1.1310000e+01  -6.1854079e-02   1.9019483e-01   2.4741631e-01  -7.6077932e-01  -8.0000000e-02
   1.1360000e+01  -7.1282557e-02   1.8686572e-01   2.8513023e-01  -7.4746288e-01  -8.0000000e-02
   1.1410000e+01  -8.0532865e-02   1.8306954e-01   3.2213146e-01  -7.3227817e-01  -8.0000000e-02
   1.1460000e+01  -8.9581884e-02   1.7881579e-01   3.5832754e-01  -7.1526315e-01  -8.0000000e-02
   1.1510000e+01  -9.8406994e-02   1.7411509e-01   3.9362798e-01  -6.9646035e-01  -8.0000000e-02
   1.1560000e+01  -1.0698614e-01   1.6897919e-01   4.2794455e-01  -6.7591675e-01  -8.0000000e-02
   1.1610000e+01  -1.1529787e-01   1.6342093e-01   4.6119149e-01  -6.5368372e-01  -8.0000000e-02
   1.1660000e+01  -1.2332142e-01   1.5745420e-01   4.9328569e-01  -6.2981682e-01  -8.0000000e-02
   1.1710000e+01  -1.3103673e-01   1.5109393e-01   5.2414694e-01  -6.0437570e-01  -8.0000000e-02
   1.1760000e+01  -1.3842452e-01   1.4435599e-01   5.5369808e-01  -5.7742396e-01  -8.0000000e-02
   1.1810000e+01  -1.4546632e-01   1.3725724e-01   5.8186528e-01  -5.4902896e-01  -8.0000000e-02
   1.1860000e+01  -1.5214453e-01   1.2981542e-01   6.0857811e-01  -5.1926168e-01  -8.0000000e-02
   1.1910000e+01  -1.5844245e-01   1.2204913e-01   6.3376981e-01  -4.8819650e-01  -8.0000000e-02
   1.1960000e+01  -1.6434435e-01   1.1397777e-01   6.5737742e-01  -4.5591110e-01  -8.0000000e-02
   1.2010000e+01  -1.6983548e-01   1.0562154e-01   6.7934193e-01  -4.2248615e-01  -8.0000000e-02
   1.2060000e+01  -1.7490211e-01   9.7001302e-02   6.9960843e-01  -3.8800521e-01  -8.0000000e-02
   1.2110000e+01  -1.7953157e-01   8.8138613e-02   7.1812628e-01  -3.5255445e-01  -8.0000000e-02
   1.2160000e+01  -1.8371230e-01   7.9055624e-02   7.3484919e-01  -3.1622250e-01  -8.0000000e-02
   1.2210000e+01  -1.8743384e-01   6.9775037e-02   7.4973536e-01  -2.7910015e-01  -8.0000000e-02
   1.2260000e+01  -1.9068689e-01   6.0320049e-02   7.6274758e-01  -2.4128020e-01  -8.0000000e-02
   1.2310000e+01  -1.9346333e-01   5.0714292e-02   7.7385333e-01  -2.0285717e-01  -8.0000000e-02
   1.2360000e+01  -1.9575621e-01   4.0981776e-02   7.8302484e-01  -1.6392710e-01  -8.0000000e-02
   1.2410000e+01  -1.9755980e-01   3.1146827e-02   7.9023921e-01  -1.2458731e-01  -8.0000000e-02
   1.2460000e+01  -1.9886960e-01   2.1234027e-02   7.9547838e-01  -8.4936106e-02  -8.0000000e-02
   1.2510000e+01  -1.9968232e-01   1.1268152e-02   7.9872928e-01  -4.5072609e-02  -8.0000000e-02
   1.2560000e+01  -1.9999594e-01   1.2741136e-03   7.9998377e-01  -5.0964544e-03  -8.0000000e-02
   1.2610000e+01  -1.9980968e-01  -8.7231097e-03   7.9923871e-01   3.4892439e-02  -8.0000000e-02
   1.2660000e+01  -1.9912399e-01  -1.8698530e-02   7.9649598e-01   7.4794119e-02  -8.0000000e-02
   1.2710000e+01  -1.9794060e-01  -2.8627213e-02   7.9176242e-01   1.1450885e-01  -8.0000000e-02
   1.2760000e+01  -1.9626247e-01  -3.8484344e-02   7.8504986e-01   1.5393737e-01  -8.0000000e-02
   1.2810000e+01  -1.9409377e-01  -4.8245283e-02   7.7637509e-01   1.9298113e-01  -8.0000000e-02
   1.2860000e+01  -1.9143995e-01  -5.7885635e-02   7.6575979e-01   2.3154254e-01  -8.0000000e-02
   1.2910000e+01  -1.8830762e-01  -6.7381302e-02   7.5323048e-01   2.6952521e-01  -8.0000000e-02
   1.2960000e+01  -1.8470462e-01  -7.6708552e-02   7.3881850e-01   3.0683421e-01  -8.0000000e-02
   1.3010000e+01  -1.8063996e-01  -8.5844070e-02   7.2255985e-01   3.4337628e-01  -8.0000000e-02
   1.3060000e+01  -1.7612379e-01  -9.4765022e-02   7.0449517e-01   3.7906009e-01  -8.0000000e-02
   1.3110000e+01  -1.7116741e-01  -1.0344911e-01   6.8466963e-01   4.1379645e-01  -8.0000000e-02
   1.3160000e+01  -1.6578319e-01  -1.1187463e-01   6.6313277e-01   4.4749853e-01  -8.0000000e-02
   1.3210000e+01  -1.5998461e-01  -1.2002052e-01   6.3993842e-01   4.8008210e-01  -8.0000000e-02
   1.3260000e+01  -1.5378614e-01  -1.2786643e-01   6.1514456e-01   5.1146571e-01  -8.0000000e-02
   1.3310000e+01  -1.4720329e-01  -1.3539273e-01   5.8881316e-01   5.4157092e-01  -8.0000000e-02
   1.3360000e+01  -1.4025251e-01  -1.4258062e-01   5.6101003e-01   5.7032249e-01  -8.0000000e-02
   1.3410000e+01  -1.3295117e-01  -1.4941214e-01   5.3180467e-01   5.9764855e-01  -8.0000000e-02
   1.3460000e+01  -1.2531752e-01  -1.5587020e-01   5.0127007e-01   6.2348080e-01  -8.0000000e-02
   1.3510000e+01  -1.1737064e-01  -1.6193867e-01   4.6948256e-01   6.4775468e-01  -8.0000000e-02
   1.3560000e+01  -1.0913040e-01  -1.6760238e-01   4.3652159e-01   6.7040950e-01  -8.0000000e-02
   1.3610000e+01  -1.0061739e-01  -1.7284716e-01   4.0246954e-01   6.9138865e-01  -8.0000000e-02
   1.3660000e+01  -9.1852883e-02  -1.7765992e-01   3.6741153e-01   7.1063969e-01  -8.0000000e-02
   1.3710000e+01  -8.2858795e-02  -1.8202862e-01   3.3143518e-01   7.2811450e-01  -8.0000000e-02
   1.3760000e+01  -7.3657604e-02  -1.8594235e-01   2.9463042e-01   7.4376940e-01  -8.0000000e-02
   1.3810000e+01  -6.4272307e-02  -1.8939132e-01   2.5708923e-01   7.5756526e-01  -8.0000000e-02
   1.3860000e+01  -5.4726363e-02  -1.9236690e-01   2.1890545e-01   7.6946761e-01  -8.0000000e-02
   1.3910000e+01  -4.5043631e-02  -1.9486167e-01   1.8017452e-01   7.7944669e-01  -8.0000000e-02
   1.3960000e+01  -3.5248314e-02  -1.9686939e-01   1.4099325e-01   7.8747756e-01  -8.0000000e-02
   1.4010000e+01  -2.5364894e-02  -1.9838504e-01   1.0145958e-01   7.9354014e-01  -8.0000000e-02
   1.4060000e+01  -1.5418075e-02  -1.9940482e-01   6.1672301e-02   7.9761929e-01  -8.0000000e-02
   1.4110000e+01  -5.4327192e-03  -1.9992620e-01   2.1730877e-02   7.9970480e-01  -8.0000000e-02
   1.4160000e+01   4.5662156e-03  -1.9994787e-01  -1.8264863e-02   7.9979147e-01  -8.0000000e-02
   1.4210000e+01   1.4553737e-02  -1.9946977e-01  -5.8214950e-02   7.9787908e-01  -8.0000000e-02
   1.4260000e+01   2.4504882e-02  -1.9849310e-01  -9.8019529e-02   7.9397240e-01  -8.0000000e-02
   1.4310000e+01   3.4394778e-02  -1.9702030e-01  -1.3757911e-01   7.8808121e-01  -8.0000000e-02
   1.4360000e+01   4.4198704e-02  -1.9505506e-01  -1.7679482e-01   7.8022022e-01  -8.0000000e-02
   1.4410000e+01   5.3892157e-02  -1.9260227e-01  -2.1556863e-01   7.7040909e-01  -8.0000000e-02
   1.4460000e+01   6.3450908e-02  -1.8966808e-01  -2.5380363e-01   7.5867234e-01  -8.0000000e-02
   1.4510000e+01   7.2851064e-02  -1.8625983e-01  -2.9140425e-01   7.4503930e-01  -8.0000000e-02
   1.4560000e+01   8.2069130e-02  -1.8238601e-01  -3.2827652e-01   7.2954405e-01  -8.0000000e-02
   1.4610000e+01   9.1082067e-02  -1.7805633e-01  -3.6432827e-01   7.1222533e-01  -8.0000000e-02
   1.4660000e+01   9.9867345e-02  -1.7328160e-01  -3.9946938e-01   6.9312640e-01  -8.0000000e-02
   1.4710000e+01   1.0840301e-01  -1.6807376e-01  -4.3361203e-01   6.7229503e-01  -8.0000000e-02
   1.4760000e+01   1.1666772e-01  -1.6244582e-01  -4.6667088e-01   6.4978327e-01  -8.0000000e-02
   1.4810000e+01   1.2464082e-01  -1.5641185e-01  -4.9856329e-01   6.2564738e-01  -8.0000000e-02
   1.4860000e+01   1.3230239e-01  -1.4998693e-01  -5.2920955e-01   5.9994771e-01  -8.0000000e-02
   1.4910000e+01   1.3963327e-01  -1.4318712e-01  -5.5853306e-01   5.7274848e-01  -8.0000000e-02
   1.4960000e+01   1.4661513e-01  -1.3602942e-01  -5.8646053e-01   5.4411767e-01  -8.0000000e-02
   1.5010000e+01   1.5323054e-01  -1.2853171e-01  -6.1292216e-01   5.1412686e-01  -8.0000000e-02
   1.5060000e+01   1.5946295e-01  -1.2071275e-01  -6.3785180e-01   4.8285099e-01  -8.0000000e-02
   1.5110000e+01   1.6529679e-01  -1.1259206e-01  -6.6118714e-01   4.5036825e-01  -8.0000000e-02
   1.5160000e+01   1.7071747e-01  -1.0418996e-01  -6.8286986e-01   4.1675982e-01  -8.0000000e-02
   1.5210000e+01   1.7571144e-01  -9.5527428e-02  -7.0284576e-01   3.8210971e-01  -8.0000000e-02
   1.5260000e+01   1.8026623e-01  -8.6626132e-02  -7.2106491e-01   3.4650453e-01  -8.0000000e-02
   1.5310000e+01   1.8437045e-01  -7.7508316e-02  -7.3748178e-01   3.1003326e-01  -8.0000000e-02
   1.5360000e+01   1.8801383e-01  -6.8196769e-02  -7.5205532e-01   2.7278707e-01  -8.0000000e-02
   1.5410000e+01   1.9118728e-01  -5.8714765e-02  -7.6474912e-01   2.3485906e-01  -8.0000000e-02
   1.5460000e+01   1.9388286e-01  -4.9086006e-02  -7.7553145e-01   1.9634402e-01  -8.0000000e-02
   1.5510000e+01   1.9609384e-01  -3.9334557e-02  -7.8437535e-01   1.5733823e-01  -8.0000000e-02
   1.5560000e+01   1.9781468e-01  -2.9484792e-02  -7.9125871e-01   1.1793917e-01  -8.0000000e-02
   1.5610000e+01   1.9904109e-01  -1.9561330e-02  -7.9616435e-01   7.8245320e-02  -8.0000000e-02
   1.5660000e+01   1.9977000e-01  -9.5889753e-03  -7.9907999e-01   3.8355901e-02  -8.0000000e-02
   1.5710000e+01   1.9999959e-01   4.0734695e-04  -7.9999834e-01  -1.6293878e-03  -8.0000000e-02
   1.5760000e+01   1.9972928e-01   1.0402651e-02  -7.9891712e-01  -4.1610604e-02  -8.0000000e-02
   1.5810000e+01   1.9895975e-01   2.0371954e-02  -7.9583901e-01  -8.1487815e-02  -8.0000000e-02
   1.5860000e+01   1.9769293e-01   3.0290337e-02  -7.9077173e-01  -1.2116135e-01  -8.0000000e-02
   1.5910000e+01   1.9593198e-01   4.0133011e-02  -7.8372793e-01  -1.6053204e-01  -8.0000000e-02
   1.5960000e+01   1.9368130e-01   4.9875373e-02  -7.7472521e-01  -1.9950149e-01  -8.0000000e-02
   1.6010000e+01   1.9094652e-01   5.9493072e-02  -7.6378609e-01  -2.3797229e-01  -8.0000000e-02
   1.6060000e+01   1.8773447e-01   6.8962070e-02  -7.5093790e-01  -2.7584828e-01  -8.0000000e-02
   1.6110000e+01   1.8405319e-01   7.8258698e-02  -7.3621275e-01  -3.1303479e-01  -8.0000000e-02
   1.6160000e+01   1.7991186e-01   8.7359721e-02  -7.1964746e-01  -3.4943888e-01  -8.0000000e-02
   1.6210000e+01   1.7532086e-01   9.6242389e-02  -7.0128342e-01  -3.8496956e-01  -8.0000000e-02
   1.6260000e+01   1.7029164e-01   1.0488450e-01  -6.8116654e-01  -4.1953801e-01  -8.0000000e-02
   1.6310000e+01   1.6483678e-01   1.1326446e-01  -6.5934710e-01  -4.5305783e-01  -8.0000000e-02
   1.6360000e+01   1.5896991e-01   1.2136131e-01  -6.3587963e-01  -4.8544525e-01  -8.0000000e-02
   1.6410000e+01   1.5270570e-01   1.2915483e-01  -6.1082280e-01  -5.1661931e-01  -8.0000000e-02
   1.6460000e+01   1.4605981e-01   1.3662552e-01  -5.8423923e-01  -5.4650208e-01  -8.0000000e-02
   1.6510000e+01   1.3904884e-01   1.4375472e-01  -5.5619536e-01  -5.7501889e-01  -8.0000000e-02
   1.6560000e+01   1.3169032e-01   1.5052461e-01  -5.2676129e-01  -6.0209845e-01  -8.0000000e-02
   1.6610000e+01   1.2400265e-01   1.5691827e-01  -4.9601060e-01  -6.2767307e-01  -8.0000000e-02
   1.6660000e+01   1.1600503e-01   1.6291971e-01  -4.6402014e-01  -6.5167884e-01  -8.0000000e-02
   1.6710000e+01   1.0771747e-01   1.6851394e-01  -4.3086987e-01  -6.7405575e-01  -8.0000000e-02
   1.6760000e+01   9.9160661e-02   1.7368697e-01  -3.9664264e-01  -6.9474788e-01  -8.0000000e-02
   1.6810000e+01   9.0356005e-02   1.7842587e-01  -3.6142402e-01  -7.1370349e-01  -8.0000000e-02
   1.6860000e+01   8.1325507e-02   1.8271881e-01  -3.2530203e-01  -7.3087522e-01  -8.0000000e-02
   1.6910000e+01   7.2091737e-02   1.8655504e-01  -2.8836695e-01  -7.4622014e-01  -8.0000000e-02
   1.6960000e+01   6.2677776e-02   1.8992498e-01  -2.5071110e-01  -7.5969990e-01  -8.0000000e-02
   1.7010000e+01   5.3107152e-02   1.9282020e-01  -2.1242861e-01  -7.7128081e-01  -8.0000000e-02
   1.7060000e+01   4.3403788e-02   1.9523348e-01  -1.7361515e-01  -7.8093391e-01  -8.0000000e-02
   1.7110000e+01   3.3591938e-02   1.9715877e-01  -1.3436775e-01  -7.8863509e-01  -8.0000000e-02
   1.7160000e+01   2.3696125e-02   1.9859127e-01  -9.4784500e-02  -7.9436509e-01  -8.0000000e-02
   1.7210000e+01   1.3741084e-02   1.9952740e-01  -5.4964337e-02  -7.9810959e-01  -8.0000000e-02
   1.7260000e+01   3.7516979e-03   1.9996481e-01  -1.5006792e-02  -7.9985924e-01  -8.0000000e-02
   1.7310000e+01  -6.2470658e-03   1.9990241e-01   2.4988263e-02  -7.9960965e-01  -8.0000000e-02
   1.7360000e+01  -1.6230215e-02   1.9934036e-01   6.4920860e-02  -7.9736145e-01  -8.0000000e-02
   1.7410000e+01  -2.6172797e-02   1.9828007e-01   1.0469119e-01  -7.9312026e-01  -8.0000000e-02
   1.7460000e+01  -3.6049961e-02   1.9672417e-01   1.4419984e-01  -7.8689669e-01  -8.0000000e-02
   1.7510000e+01  -4.5837019e-02   1.9467657e-01   1.8334807e-01  -7.7870629e-01  -8.0000000e-02
   1.7560000e+01  -5.5509508e-02   1.9214238e-01   2.2203803e-01  -7.6856952e-01  -8.0000000e-02
   1.7610000e+01  -6.5043252e-02   1.8912793e-01   2.6017301e-01  -7.5651174e-01  -8.0000000e-02
   1.7660000e+01  -7.4414422e-02   1.8564077e-01   2.9765769e-01  -7.4256306e-01  -8.0000000e-02
   1.7710000e+01  -8.3599594e-02   1.8168959e-01   3.3439838e-01  -7.2675837e-01  -8.0000000e-02
   1.7760000e+01  -9.2575812e-02   1.7728429e-01   3.7030325e-01  -7.0913716e-01  -8.0000000e-02
   1.7810000e+01  -1.0132064e-01   1.7243587e-01   4.0528255e-01  -6.8974347e-01  -8.0000000e-02
   1.7860000e+01  -1.0981221e-01   1.6715645e-01   4.3924886e-01  -6.6862579e-01  -8.0000000e-02
   1.7910000e+01  -1.1802932e-01   1.6145922e-01   4.7211727e-01  -6.4583688e-01  -8.0000000e-02
   1.7960000e+01  -1.2595141e-01   1.5535843e-01   5.0380564e-01  -6.2143373e-01  -8.0000000e-02
   1.8010000e+01  -1.3355869e-01   1.4886933e-01   5.3423475e-01  -5.9547731e-01  -8.0000000e-02
   1.8060000e+01  -1.4083214e-01   1.4200813e-01   5.6332856e-01  -5.6803251e-01  -8.0000000e-02
   1.8110000e+01  -1.4775359e-01   1.3479198e-01   5.9101434e-01  -5.3916792e-01  -8.0000000e-02
   1.8160000e+01  -1.5430572e-01   1.2723892e-01   6.1722289e-01  -5.0895570e-01  -8.0000000e-02
   1.8210000e+01  -1.6047218e-01   1.1936784e-01   6.4188871e-01  -4.7747135e-01  -8.0000000e-02
   1.8260000e+01  -1.6623753e-01   1.1119839e-01   6.6495013e-01  -4.4479357e-01  -8.0000000e-02
   1.8310000e+01  -1.7158738e-01   1.0275101e-01   6.8634953e-01  -4.1100404e-01  -8.0000000e-02
   1.8360000e+01  -1.7650835e-01   9.4046802e-02   7.0603341e-01  -3.7618721e-01  -8.0000000e-02
   1.8410000e+01  -1.8098815e-01   8.5107528e-02   7.2395258e-01  -3.4043011e-01  -8.0000000e-02
   1.8460000e+01  -1.8501556e-01   7.5955528e-02   7.4006224e-01  -3.0382211e-01  -8.0000000e-02
   1.8510000e+01  -1.8858053e-01   6.6613679e-02   7.5432213e-01  -2.6645472e-01  -8.0000000e-02
   1.8560000e+01  -1.9167415e-01   5.7105331e-02   7.6669661e-01  -2.2842133e-01  -8.0000000e-02
   1.8610000e+01  -1.9428869e-01   4.7454250e-02   7.7715475e-01  -1.8981700e-01  -8.0000000e-02
   1.8660000e+01  -1.9641760e-01   3.7684557e-02   7.8567041e-01  -1.5073823e-01  -8.0000000e-02
   1.8710000e+01  -1.9805557e-01   2.7820672e-02   7.9222229e-01  -1.1128269e-01  -8.0000000e-02
   1.8750000e+01  -1.9900968e-01   1.9878308e-02   7.9603872e-01  -7.9513233e-02  -8.0000000e-02
   1.8800000e+01  -1.9975447e-01   9.9071272e-03   7.9901789e-01  -3.9628509e-02  -8.0000000e-02
   1.8850000e+01  -1.9999998e-01  -8.8816701e-05   7.9999992e-01   3.5526681e-04  -8.0000000e-02
   1.8900000e+01  -1.9974559e-01  -1.0084539e-02   7.9898237e-01   4.0338154e-02  -8.0000000e-02
   1.8950000e+01  -1.9899195e-01  -2.0055054e-02   7.9596779e-01   8.0220217e-02  -8.0000000e-02
   1.9000000e+01  -1.9774092e-01  -2.9975443e-02   7.9096369e-01   1.1990177e-01  -8.0000000e-02
   1.9050000e+01  -1.9599565e-01  -3.9820909e-02   7.8398260e-01   1.5928363e-01  -8.0000000e-02
   1.9100000e+01  -1.9376049e-01  -4.9566843e-02   7.7504197e-01   1.9826737e-01  -8.0000000e-02
   1.9150000e+01  -1.9104103e-01  -5.9188885e-02   7.6416413e-01   2.3675554e-01  -8.0000000e-02
   1.9200000e+01  -1.8784407e-01  -6.8662987e-02   7.5137628e-01   2.7465195e-01  -8.0000000e-02
   1.9250000e+01  -1.8417759e-01  -7.7965466e-02   7.3671038e-01   3.1186187e-01  -8.0000000e-02
   1.9300000e+01  -1.8005077e-01  -8.7073073e-02   7.2020308e-01   3.4829229e-01  -8.0000000e-02
   1.9350000e+01  -1.7547391e-01  -9.5963042e-02   7.0189566e-01   3.8385217e-01  -8.0000000e-02
   1.9400000e+01  -1.7045846e-01  -1.0461315e-01   6.8183386e-01   4.1845262e-01  -8.0000000e-02
   1.9450000e+01  -1.6501696e-01  -1.1300179e-01   6.6006783e-01   4.5200715e-01  -8.0000000e-02
   1.9500000e+01  -1.5916299e-01  -1.2110797e-01   6.3665197e-01   4.8443190e-01  -8.0000000e-02
   1.9550000e+01  -1.5291121e-01  -1.2891146e-01   6.1164482e-01   5.1564582e-01  -8.0000000e-02
   1.9600000e+01  -1.4627722e-01  -1.3639272e-01   5.8510887e-01   5.4557090e-01  -8.0000000e-02
   1.9650000e+01  -1.3927761e-01  -1.4353308e-01   5.5711046e-01   5.7413233e-01  -8.0000000e-02
   1.9700000e+01  -1.3192989e-01  -1.5031468e-01   5.2771956e-01   6.0125873e-01  -8.0000000e-02
   1.9750000e+01  -1.2425241e-01  -1.5672058e-01   4.9700964e-01   6.2688230e-01  -8.0000000e-02
   1.9800000e+01  -1.1626436e-01  -1.6273475e-01   4.6505745e-01   6.5093899e-01  -8.0000000e-02
   1.9850000e+01  -1.0798571e-01  -1.6834217e-01   4.3194286e-01   6.7336867e-01  -8.0000000e-02
   1.9900000e+01  -9.9437158e-02  -1.7352882e-01   3.9774863e-01   6.9411528e-01  -8.0000000e-02
   1.9950000e+01  -9.0640061e-02  -1.7828174e-01   3.6256024e-01   7.1312697e-01  -8.0000000e-02
   2.0000000e+01  -8.1616411e-02  -1.8258905e-01   3.2646565e-01   7.3035620e-01  -8.0000000e-02
   2.0050000e+01  -7.2388763e-02  -1.8643998e-01   2.8955505e-01   7.4575993e-01  -8.0000000e-02
   2.0100000e+01  -6.2980181e-02  -1.8982491e-01   2.5192072e-01   7.5929964e-01  -8.0000000e-02
   2.0150000e+01  -5.3414180e-02  -1.9273538e-01   2.1365672e-01   7.7094151e-01  -8.0000000e-02
   2.0200000e+01  -4.3714673e-02  -1.9516410e-01   1.7485869e-01   7.8065641e-01  -8.0000000e-02
   2.0250000e+01  -3.3905901e-02  -1.9710502e-01   1.3562360e-01   7.8842009e-01  -8.0000000e-02
   2.0300000e+01  -2.4012382e-02  -1.9855328e-01   9.6049528e-02   7.9421313e-01  -8.0000000e-02
   2.0350000e+01  -1.4058845e-02  -1.9950526e-01   5.6235379e-02   7.9802104e-01  -8.0000000e-02
   2.0400000e+01  -4.0701676e-03  -1.9995858e-01   1.6280670e-02   7.9983432e-01  -8.0000000e-02
   2.0450000e+01   5.9286827e-03  -1.9991211e-01  -2.3714731e-02   7.9964843e-01  -8.0000000e-02
   2.0500000e+01   1.5912715e-02  -1.9936596e-01  -6.3650858e-02   7.9746383e-01  -8.0000000e-02
   2.0550000e+01   2.5856973e-02  -1.9832150e-01  -1.0342789e-01   7.9328600e-01  -8.0000000e-02
   2.0600000e+01   3.5736602e-02  -1.9678134e-01  -1.4294641e-01   7.8712535e-01  -8.0000000e-02
   2.0650000e+01   4.5526908e-02  -1.9474933e-01  -1.8210763e-01   7.7899731e-01  -8.0000000e-02
   2.0700000e+01   5.5203421e-02  -1.9223054e-01  -2.2081369e-01   7.6892218e-01  -8.0000000e-02
   2.0750000e+01   6.4741954e-02  -1.8923129e-01  -2.5896782e-01   7.5692514e-01  -8.0000000e-02
   2.0800000e+01   7.4118666e-02  -1.8575905e-01  -2.9647466e-01   7.4303619e-01  -8.0000000e-02
   2.0850000e+01   8.3310120e-02  -1.8182251e-01  -3.3324048e-01   7.2729003e-01  -8.0000000e-02
   2.0900000e+01   9.2293342e-02  -1.7743151e-01  -3.6917337e-01   7.0972602e-01  -8.0000000e-02
   2.0950000e+01   1.0104588e-01  -1.7259702e-01  -4.0418351e-01   6.9038807e-01  -8.0000000e-02
   2.1000000e+01   1.0954585e-01  -1.6733113e-01  -4.3818341e-01   6.6932451e-01  -8.0000000e-02
   2.1050000e+01   1.1777202e-01  -1.6164700e-01  -4.7108808e-01   6.4658798e-01  -8.0000000e-02
   2.1100000e+01   1.2570382e-01  -1.5555883e-01  -5.0281527e-01   6.2223533e-01  -8.0000000e-02
   2.1150000e+01   1.3332142e-01  -1.4908185e-01  -5.3328569e-01   5.9632740e-01  -8.0000000e-02
   2.1200000e+01   1.4060579e-01  -1.4223224e-01  -5.6242317e-01   5.6892898e-01  -8.0000000e-02
   2.1250000e+01   1.4753872e-01  -1.3502713e-01  -5.9015488e-01   5.4010852e-01  -8.0000000e-02
   2.1300000e+01   1.5410288e-01  -1.2748452e-01  -6.1641152e-01   5.0993807e-01  -8.0000000e-02
   2.1350000e+01   1.6028186e-01  -1.1962326e-01  -6.4112745e-01   4.7849305e-01  -8.0000000e-02
   2.1400000e+01   1.6606022e-01  -1.1146301e-01  -6.6424089e-01   4.4585204e-01  -8.0000000e-02
   2.1450000e+01   1.7142352e-01  -1.0302416e-01  -6.8569408e-01   4.1209663e-01  -8.0000000e-02
   2.1500000e+01   1.7635835e-01  -9.4327800e-02  -7.0543338e-01   3.7731120e-01  -8.0000000e-02
   2.1550000e+01   1.8085237e-01  -8.5395671e-02  -7.2340948e-01   3.4158268e-01  -8.0000000e-02
   2.1600000e+01   1.8489436e-01  -7.6250097e-02  -7.3957742e-01   3.0500039e-01  -8.0000000e-02
   2.1650000e+01   1.8847420e-01  -6.6913938e-02  -7.5389681e-01   2.6765575e-01  -8.0000000e-02
   2.1700000e+01   1.9158296e-01  -5.7410529e-02  -7.6633185e-01   2.2964212e-01  -8.0000000e-02
   2.1750000e+01   1.9421286e-01  -4.7763624e-02  -7.7685145e-01   1.9105449e-01  -8.0000000e-02
   2.1800000e+01   1.9635733e-01  -3.7997334e-02  -7.8542934e-01   1.5198934e-01  -8.0000000e-02
   2.1850000e+01   1.9801101e-01  -2.8136071e-02  -7.9204405e-01   1.1254428e-01  -8.0000000e-02
   2.1900000e+01   1.9916977e-01  -1.8204482e-02  -7.9667908e-01   7.2817928e-02  -8.0000000e-02
   2.1950000e+01   1.9983070e-01  -8.2273916e-03  -7.9932281e-01   3.2909566e-02  -8.0000000e-02
   2.2000000e+01   1.9999217e-01   1.7702631e-03  -7.9996866e-01  -7.0810523e-03  -8.0000000e-02
   2.2050000e+01   1.9965375e-01   1.1763493e-02  -7.9861500e-01  -4.7053972e-02  -8.0000000e-02
   2.2100000e+01   1.9881631e-01   2.1727320e-02  -7.9526522e-01  -8.6909281e-02  -8.0000000e-02
   2.2150000e+01   1.9748192e-01   3.1636841e-02  -7.8992770e-01  -1.2654736e-01  -8.0000000e-02
   2.2200000e+01   1.9565394e-01   4.1467285e-02  -7.8261576e-01  -1.6586914e-01  -8.0000000e-02
   2.2250000e+01   1.9333692e-01   5.1194083e-02  -7.7334769e-01  -2.0477633e-01  -8.0000000e-02
   2.2300000e+01   1.9053666e-01   6.0792923e-02  -7.6214666e-01  -2.4317169e-01  -8.0000000e-02
   2.2350000e+01   1.8726016e-01   7.0239812e-02  -7.4904065e-01  -2.8095925e-01  -8.0000000e-02
   2.2400000e+01   1.8351561e-01   7.9511138e-02  -7.3406244e-01  -3.1804455e-01  -8.0000000e-02
   2.2450000e+01   1.7931236e-01   8.8583727e-02  -7.1724945e-01  -3.5433491e-01  -8.0000000e-02
   2.2500000e+01   1.7466093e-01   9.7434904e-02  -6.9864371e-01  -3.8973961e-01  -8.0000000e-02
   2.2550000e+01   1.6957293e-01   1.0604254e-01  -6.7829172e-01  -4.2417017e-01  -8.0000000e-02
   2.2600000e+01   1.6406109e-01   1.1438513e-01  -6.5624436e-01  -4.5754053e-01  -8.0000000e-02
   2.2650000e+01   1.5813918e-01   1.2244182e-01  -6.3255673e-01  -4.8976727e-01  -8.0000000e-02
   2.2700000e+01   1.5182201e-01   1.3019246e-01  -6.0728804e-01  -5.2076985e-01  -8.0000000e-02
   2.2750000e+01   1.4512536e-01   1.3761769e-01  -5.8050144e-01  -5.5047077e-01  -8.0000000e-02
   2.2800000e+01   1.3806597e-01   1.4469895e-01  -5.5226390e-01  -5.7879581e-01  -8.0000000e-02
   2.2850000e+01   1.3066149e-01   1.5141854e-01  -5.2264598e-01  -6.0567416e-01  -8.0000000e-02
   2.2900000e+01   1.2293043e-01   1.5775966e-01  -4.9172171e-01  -6.3103863e-01  -8.0000000e-02
   2.2950000e+01   1.1489210e-01   1.6370646e-01  -4.5956840e-01  -6.5482584e-01  -8.0000000e-02
   2.3000000e+01   1.0656660e-01   1.6924408e-01  -4.2626641e-01  -6.7697633e-01  -8.0000000e-02
   2.3050000e+01   9.7974744e-02   1.7435868e-01  -3.9189898e-01  -6.9743472e-01  -8.0000000e-02
   2.3100000e+01   8.9137999e-02   1.7903747e-01  -3.5655200e-01  -7.1614990e-01  -8.0000000e-02
   2.3150000e+01   8.0078455e-02   1.8326877e-01  -3.2031382e-01  -7.3307507e-01  -8.0000000e-02
   2.3200000e+01   7.0818757e-02   1.8704198e-01  -2.8327503e-01  -7.4816793e-01  -8.0000000e-02
   2.3250000e+01   6.1382049e-02   1.9034769e-01  -2.4552820e-01  -7.6139077e-01  -8.0000000e-02
   2.3300000e+01   5.1791918e-02   1.9317763e-01  -2.0716767e-01  -7.7271052e-01  -8.0000000e-02
   2.3350000e+01   4.2072334e-02   1.9552473e-01  -1.6828934e-01  -7.8209891e-01  -8.0000000e-02
   2.3400000e+01   3.2247592e-02   1.9738311e-01  -1.2899037e-01  -7.8953245e-01  -8.0000000e-02
   2.3450000e+01   2.2342246e-02   1.9874814e-01  -8.9368986e-02  -7.9499257e-01  -8.0000000e-02
   2.3500000e+01   1.2381057e-02   1.9961641e-01  -4.9524230e-02  -7.9846562e-01  -8.0000000e-02
   2.3550000e+01   2.3889222e-03   1.9998573e-01  -9.5556888e-03  -7.9994293e-01  -8.0000000e-02
   2.3600000e+01  -7.6091841e-03   1.9985520e-01   3.0436736e-02  -7.9942079e-01  -8.0000000e-02
   2.3650000e+01  -1.7588271e-02   1.9922513e-01   7.0353086e-02  -7.9690052e-01  -8.0000000e-02
   2.3700000e+01  -2.7523397e-02   1.9809710e-01   1.1009359e-01  -7.9238842e-01  -8.0000000e-02
   2.3750000e+01  -3.7389729e-02   1.9647394e-01   1.4955892e-01  -7.8589575e-01  -8.0000000e-02
   2.3800000e+01  -4.7162606e-02   1.9435969e-01   1.8865042e-01  -7.7743876e-01  -8.0000000e-02
   2.3850000e+01  -5.6817600e-02   1.9175964e-01   2.2727040e-01  -7.6703857e-01  -8.0000000e-02
   2.3900000e+01  -6.6330581e-02   1.8868030e-01   2.6532232e-01  -7.5472118e-01  -8.0000000e-02
   2.3950000e+01  -7.5677769e-02   1.8512935e-01   3.0271108e-01  -7.4051739e-01  -8.0000000e-02
   2.4000000e+01  -8.4835803e-02   1.8111567e-01   3.3934321e-01  -7.2446269e-01  -8.0000000e-02
   2.4050000e+01  -9.3781791e-02   1.7664930e-01   3.7512716e-01  -7.0659721e-01  -8.0000000e-02
   2.4100000e+01  -1.0249337e-01   1.7174140e-01   4.0997349e-01  -6.8696560e-01  -8.0000000e-02
   2.4150000e+01  -1.1094878e-01   1.6640423e-01   4.4379510e-01  -6.6561694e-01  -8.0000000e-02
   2.4200000e+01  -1.1912686e-01   1.6065114e-01   4.7650746e-01  -6.4260458e-01  -8.0000000e-02
   2.4250000e+01  -1.2700720e-01   1.5449651e-01   5.0802879e-01  -6.1798604e-01  -8.0000000e-02
   2.4300000e+01  -1.3457008e-01   1.4795572e-01   5.3828031e-01  -5.9182286e-01  -8.0000000e-02
   2.4350000e+01  -1.4179660e-01   1.4104511e-01   5.6718642e-01  -5.6418044e-01  -8.0000000e-02
   2.4400000e+01  -1.4866871e-01   1.3378196e-01   5.9467485e-01  -5.3512785e-01  -8.0000000e-02
   2.4450000e+01  -1.5516923e-01   1.2618443e-01   6.2067691e-01  -5.0473773e-01  -8.0000000e-02
   2.4500000e+01  -1.6128190e-01   1.1827150e-01   6.4512760e-01  -4.7308602e-01  -8.0000000e-02
   2.4550000e+01  -1.6699145e-01   1.1006296e-01   6.6796580e-01  -4.4025184e-01  -8.0000000e-02
   2.4600000e+01  -1.7228361e-01   1.0157932e-01   6.8913444e-01  -4.0631727e-01  -8.0000000e-02
   2.4650000e+01  -1.7714515e-01   9.2841777e-02   7.0858060e-01  -3.7136711e-01  -8.0000000e-02
   2.4700000e+01  -1.8156392e-01   8.3872182e-02   7.2625568e-01  -3.3548873e-01  -8.0000000e-02
   2.4750000e+01  -1.8552887e-01   7.4692950e-02   7.4211550e-01  -2.9877180e-01  -8.0000000e-02
   2.4800000e+01  -1.8903010e-01   6.5327024e-02   7.5612041e-01  -2.6130810e-01  -8.0000000e-02
   2.4850000e+01  -1.9205886e-01   5.5797815e-02   7.6823542e-01  -2.2319126e-01  -8.0000000e-02
   2.4900000e+01  -1.9460756e-01   4.6129140e-02   7.7843024e-01  -1.8451656e-01  -8.0000000e-02
   2.4950000e+01  -1.9666985e-01   3.6345166e-02   7.8667939e-01  -1.4538066e-01  -8.0000000e-02
   2.5000000e+01  -1.9824056e-01   2.6470349e-02   7.9296225e-01  -1.0588139e-01  -8.0000000e-02
   2.5050000e+01  -1.9931578e-01   1.6529369e-02   7.9726312e-01  -6.6117476e-02  -8.0000000e-02
   2.5100000e+01  -1.9989281e-01   6.5470745e-03   7.9957124e-01  -2.6188298e-02  -8.0000000e-02
   2.5150000e+01  -1.9997021e-01  -3.4515843e-03   7.9988086e-01   1.3806337e-02  -8.0000000e-02
   2.5200000e+01  -1.9954780e-01  -1.3441616e-02   7.9819118e-01   5.3766464e-02  -8.0000000e-02
   2.5250000e+01  -1.9862661e-01  -2.3398050e-02   7.9450645e-01   9.3592202e-02  -8.0000000e-02
   2.5300000e+01  -1.9720897e-01  -3.3296002e-02   7.8883586e-01   1.3318401e-01  -8.0000000e-02
   2.5350000e+01  -1.9529840e-01  -4.3110731e-02   7.8119360e-01   1.7244292e-01  -8.0000000e-02
   2.5400000e+01  -1.9289969e-01  -5.2817706e-02   7.7159876e-01   2.1127082e-01  -8.0000000e-02
   2.5450000e+01  -1.9001883e-01  -6.2392663e-02   7.6007532e-01   2.4957065e-01  -8.0000000e-02
   2.5500000e+01  -1.8666302e-01  -7.1811672e-02   7.4665209e-01   2.8724669e-01  -8.0000000e-02
   2.5550000e+01  -1.8284065e-01  -8.1051189e-02   7.3136262e-01   3.2420476e-01  -8.0000000e-02
   2.5600000e+01  -1.7856128e-01  -9.0088120e-02   7.1424512e-01   3.6035248e-01  -8.0000000e-02
   2.5650000e+01  -1.7383560e-01  -9.8899878e-02   6.9534238e-01   3.9559951e-01  -8.0000000e-02
   2.5700000e+01  -1.6867541e-01  -1.0746444e-01   6.7470165e-01   4.2985775e-01  -8.0000000e-02
   2.5750000e+01  -1.6309363e-01  -1.1576039e-01   6.5237451e-01   4.6304157e-01  -8.0000000e-02
   2.5800000e+01  -1.5710420e-01  -1.2376701e-01   6.2841678e-01   4.9506802e-01  -8.0000000e-02
   2.5850000e+01  -1.5072208e-01  -1.3146427e-01   6.0288834e-01   5.2585706e-01  -8.0000000e-02
   2.5900000e+01  -1.4396325e-01  -1.3883293e-01   5.7585298e-01   5.5533174e-01  -8.0000000e-02
   2.5950000e+01  -1.3684457e-01  -1.4585459e-01   5.4737830e-01   5.8341837e-01  -8.0000000e-02
   2.6000000e+01  -1.2938386e-01  -1.5251169e-01   5.1753545e-01   6.1004676e-01  -8.0000000e-02
   2.6050000e+01  -1.2159976e-01  -1.5878759e-01   4.8639904e-01   6.3515036e-01  -8.0000000e-02
   2.6100000e+01  -1.1351172e-01  -1.6466660e-01   4.5404688e-01   6.5866640e-01  -8.0000000e-02
   2.6150000e+01  -1.0513996e-01  -1.7013403e-01   4.2055984e-01   6.8053613e-01  -8.0000000e-02
   2.6200000e+01  -9.6505405e-02  -1.7517622e-01   3.8602162e-01   7.0070487e-01  -8.0000000e-02
   2.6250000e+01  -8.7629636e-02  -1.7978055e-01   3.5051854e-01   7.1912221e-01  -8.0000000e-02
   2.6300000e+01  -7.8534839e-02  -1.8393553e-01   3.1413936e-01   7.3574212e-01  -8.0000000e-02
   2.6350000e+01  -6.9243746e-02  -1.8763076e-01   2.7697499e-01   7.5052306e-01  -8.0000000e-02
   2.6400000e+01  -5.9779580e-02  -1.9085702e-01   2.3911832e-01   7.6342808e-01  -8.0000000e-02
   2.6450000e+01  -5.0165996e-02  -1.9360623e-01   2.0066398e-01   7.7442493e-01  -8.0000000e-02
   2.6500000e+01  -4.0427023e-02  -1.9587153e-01   1.6170809e-01   7.8348612e-01  -8.0000000e-02
   2.6550000e+01  -3.0587003e-02  -1.9764725e-01   1.2234801e-01   7.9058900e-01  -8.0000000e-02
   2.6600000e+01  -2.0670532e-02  -1.9892895e-01   8.2682128e-02   7.9571582e-01  -8.0000000e-02
   2.6650000e+01  -1.0702395e-02  -1.9971344e-01   4.2809581e-02   7.9885377e-01  -8.0000000e-02
   2.6700000e+01  -7.0750817e-04  -1.9999875e-01   2.8300327e-03   7.9999499e-01  -8.0000000e-02
   2.6750000e+01   9.2891473e-03  -1.9978416e-01  -3.7156589e-02   7.9913665e-01  -8.0000000e-02
   2.6800000e+01   1.9262585e-02  -1.9907022e-01  -7.7050339e-02   7.9628088e-01  -8.0000000e-02
   2.6850000e+01   2.9187876e-02  -1.9785871e-01  -1.1675150e-01   7.9143483e-01  -8.0000000e-02
   2.6900000e+01   3.9040212e-02  -1.9615265e-01  -1.5616085e-01   7.8461060e-01  -8.0000000e-02
   2.6950000e+01   4.8794969e-02  -1.9395631e-01  -1.9517988e-01   7.7582525e-01  -8.0000000e-02
   2.7000000e+01   5.8427763e-02  -1.9127519e-01  -2.3371105e-01   7.6510074e-01  -8.0000000e-02
   2.7050000e+01   6.7914519e-02  -1.8811597e-01  -2.7165807e-01   7.5246388e-01  -8.0000000e-02
   2.7100000e+01   7.7231523e-02  -1.8448656e-01  -3.0892609e-01   7.3794625e-01  -8.0000000e-02
   2.7150000e+01   8.6355489e-02  -1.8039604e-01  -3.4542196e-01   7.2158414e-01  -8.0000000e-02
   2.7200000e+01   9.5263611e-02  -1.7585461e-01  -3.8105444e-01   7.0341845e-01  -8.0000000e-02
   2.7250000e+01   1.0393362e-01  -1.7087364e-01  -4.1573449e-01   6.8349457e-01  -8.0000000e-02
   2.7300000e+01   1.1234386e-01  -1.6546558e-01  -4.4937543e-01   6.6186232e-01  -8.0000000e-02
   2.7350000e+01   1.2047329e-01  -1.5964394e-01  -4.8189315e-01   6.3857575e-01  -8.0000000e-02
   2.7400000e+01   1.2830160e-01  -1.5342327e-01  -5.1320640e-01   6.1369308e-01  -8.0000000e-02
   2.7450000e+01   1.3580922e-01  -1.4681912e-01  -5.4323689e-01   5.8727649e-01  -8.0000000e-02
   2.7500000e+01   1.4297739e-01  -1.3984801e-01  -5.7190958e-01   5.5939202e-01  -8.0000000e-02
   2.7550000e+01   1.4978820e-01  -1.3252734e-01  -5.9915279e-01   5.3010936e-01  -8.0000000e-02
   2.7600000e+01   1.5622461e-01  -1.2487543e-01  -6.2489843e-01   4.9950170e-01  -8.0000000e-02
   2.7650000e+01   1.6227054e-01  -1.1691139e-01  -6.4908215e-01   4.6764555e-01  -8.0000000e-02
   2.7700000e+01   1.6791088e-01  -1.0865513e-01  -6.7164350e-01   4.3462053e-01  -8.0000000e-02
   2.7750000e+01   1.7313152e-01  -1.0012730e-01  -6.9252610e-01   4.0050918e-01  -8.0000000e-02
   2.7800000e+01   1.7791943e-01  -9.1349193e-02  -7.1167774e-01   3.6539677e-01  -8.0000000e-02
   2.7850000e+01   1.8226264e-01  -8.2342765e-02  -7.2905055e-01   3.2937106e-01  -8.0000000e-02
   2.7900000e+01   1.8615028e-01  -7.3130523e-02  -7.4460112e-01   2.9252209e-01  -8.0000000e-02
   2.7950000e+01   1.8957264e-01  -6.3735492e-02  -7.5829057e-01   2.5494197e-01  -8.0000000e-02
   2.8000000e+01   1.9252117e-01  -5.4181156e-02  -7.7008469e-01   2.1672462e-01  -8.0000000e-02
   2.8050000e+01   1.9498850e-01  -4.4491395e-02  -7.7995401e-01   1.7796558e-01  -8.0000000e-02
   2.8100000e+01   1.9696846e-01  -3.4690429e-02  -7.8787384e-01   1.3876172e-01  -8.0000000e-02
   2.8150000e+01   1.9845610e-01  -2.4802755e-02  -7.9382440e-01   9.9211022e-02  -8.0000000e-02
   2.8200000e+01   1.9944770e-01  -1.4853087e-02  -7.9779081e-01   5.9412350e-02  -8.0000000e-02
   2.8250000e+01   1.9994079e-01  -4.8662945e-03  -7.9976316e-01   1.9465178e-02  -8.0000000e-02
   2.8300000e+01   1.9993413e-01   5.1326616e-03  -7.9973651e-01  -2.0530646e-02  -8.0000000e-02
   2.8350000e+01   1.9942774e-01   1.5118789e-02  -7.9771095e-01  -6.0475155e-02  -8.0000000e-02
   2.8400000e+01   1.9842288e-01   2.5067127e-02  -7.9369152e-01  -1.0026851e-01  -8.0000000e-02
   2.8450000e+01   1.9692207e-01   3.4952810e-02  -7.8768827e-01  -1.3981124e-01  -8.0000000e-02
   2.8500000e+01   1.9492905e-01   4.4751130e-02  -7.7971622e-01  -1.7900452e-01  -8.0000000e-02
   2.8550000e+01   1.9244882e-01   5.4437595e-02  -7.6979528e-01  -2.1775038e-01  -8.0000000e-02
   2.8600000e+01   1.8948756e-01   6.3987994e-02  -7.5795025e-01  -2.5595198e-01  -8.0000000e-02
   2.8650000e+01   1.8605269e-01   7.3378457e-02  -7.4421075e-01  -2.9351383e-01  -8.0000000e-02
   2.8700000e+01   1.8215277e-01   8.2585511e-02  -7.2861110e-01  -3.3034205e-01  -8.0000000e-02
   2.8750000e+01   1.7779758e-01   9.1586145e-02  -7.1119030e-01  -3.6634458e-01  -8.0000000e-02
   2.8800000e+01   1.7299798e-01   1.0035786e-01  -6.9199190e-01  -4.0143145e-01  -8.0000000e-02
   2.8850000e+01   1.6776597e-01   1.0887874e-01  -6.7106388e-01  -4.3551494e-01  -8.0000000e-02
   2.8900000e+01   1.6211464e-01   1.1712747e-01  -6.4845855e-01  -4.6850988e-01  -8.0000000e-02
   2.8950000e+01   1.5605810e-01   1.2508345e-01  -6.2423241e-01  -5.0033378e-01  -8.0000000e-02
   2.9000000e+01   1.4961150e-01   1.3272678e-01  -5.9844602e-01  -5.3090711e-01  -8.0000000e-02
   2.9050000e+01   1.4279096e-01   1.4003836e-01  -5.7116382e-01  -5.6015345e-01  -8.0000000e-02
   2.9100000e+01   1.3561350e-01   1.4699992e-01  -5.4245401e-01  -5.8799970e-01  -8.0000000e-02
   2.9150000e+01   1.2809709e-01   1.5359406e-01  -5.1238835e-01  -6.1437625e-01  -8.0000000e-02
   2.9200000e+01   1.2026050e-01   1.5980430e-01  -4.8104198e-01  -6.3921719e-01  -8.0000000e-02
   2.9250000e+01   1.1212331e-01   1.6561510e-01  -4.4849326e-01  -6.6246041e-01  -8.0000000e-02
   2.9300000e+01   1.0370588e-01   1.7101196e-01  -4.1482354e-01  -6.8404783e-01  -8.0000000e-02
   2.9350000e+01   9.5029244e-02   1.7598137e-01  -3.8011698e-01  -7.0392548e-01  -8.0000000e-02
   2.9400000e+01   8.6115079e-02   1.8051092e-01  -3.4446032e-01  -7.2204369e-01  -8.0000000e-02
   2.9450000e+01   7.6985672e-02   1.8458929e-01  -3.0794269e-01  -7.3835716e-01  -8.0000000e-02
   2.9500000e+01   6.7663841e-02   1.8820628e-01  -2.7065536e-01  -7.5282513e-01  -8.0000000e-02
   2.9550000e+01   5.8172885e-02   1.9135286e-01  -2.3269154e-01  -7.6541142e-01  -8.0000000e-02
   2.9600000e+01   4.8536527e-02   1.9402115e-01  -1.9414611e-01  -7.7608459e-01  -8.0000000e-02
   2.9650000e+01   3.8778853e-02   1.9620449e-01  -1.5511541e-01  -7.8481795e-01  -8.0000000e-02
   2.9700000e+01   2.8924252e-02   1.9789742e-01  -1.1569701e-01  -7.9158967e-01  -8.0000000e-02
   2.9750000e+01   1.8997356e-02   1.9909571e-01  -7.5989425e-02  -7.9638283e-01  -8.0000000e-02
   2.9800000e+01   9.0229764e-03   1.9979636e-01  -3.6091906e-02  -7.9918544e-01  -8.0000000e-02
   2.9850000e+01  -9.7395613e-04   1.9999763e-01   3.8958245e-03  -7.9999051e-01  -8.0000000e-02
   2.9900000e+01  -1.0968454e-02   1.9969901e-01   4.3873817e-02  -7.9879602e-01  -8.0000000e-02
   2.9950000e+01  -2.0935537e-02   1.9890124e-01   8.3742148e-02  -7.9560496e-01  -8.0000000e-02
   3.0000000e+01  -3.0850292e-02   1.9760632e-01   1.2340117e-01  -7.9042530e-01  -8.0000000e-02
   3.0050000e+01  -4.0687937e-02   1.9581750e-01   1.6275175e-01  -7.8326998e-01  -8.0000000e-02
   3.0100000e+01  -5.0423883e-02   1.9353923e-01   2.0169553e-01  -7.7415690e-01  -8.0000000e-02
   3.0150000e+01  -6.0033796e-02   1.9077721e-01   2.4013519e-01  -7.6310883e-01  -8.0000000e-02
   3.0200000e+01  -6.9493656e-02   1.8753835e-01   2.7797462e-01  -7.5015339e-01  -8.0000000e-02
   3.0250000e+01  -7.8779818e-02   1.8383074e-01   3.1511927e-01  -7.3532295e-01  -8.0000000e-02
   3.0300000e+01  -8.7869071e-02   1.7966365e-01   3.5147629e-01  -7.1865459e-01  -8.0000000e-02
   3.0350000e+01  -9.6738698e-02   1.7504749e-01   3.8695479e-01  -7.0018997e-01  -8.0000000e-02
   3.0400000e+01  -1.0536653e-01   1.6999381e-01   4.2146611e-01  -6.7997523e-01  -8.0000000e-02
   3.0450000e+01  -1.1373100e-01   1.6451523e-01   4.5492399e-01  -6.5806091e-01  -8.0000000e-02
   3.0500000e+01  -1.2181120e-01   1.5862545e-01   4.8724479e-01  -6.3450179e-01  -8.0000000e-02
   3.0550000e+01  -1.2958693e-01   1.5233918e-01   5.1834773e-01  -6.0935674e-01  -8.0000000e-02
   3.0600000e+01  -1.3703877e-01   1.4567215e-01   5.4815507e-01  -5.8268861e-01  -8.0000000e-02
   3.0650000e+01  -1.4414808e-01   1.3864102e-01   5.7659232e-01  -5.5456406e-01  -8.0000000e-02
   3.0700000e+01  -1.5089709e-01   1.3126335e-01   6.0358838e-01  -5.2505340e-01  -8.0000000e-02
   3.0750000e+01  -1.5726895e-01   1.2355759e-01   6.2907578e-01  -4.9423037e-01  -8.0000000e-02
   3.0800000e+01  -1.6324771e-01   1.1554301e-01   6.5299082e-01  -4.6217203e-01  -8.0000000e-02
   3.0850000e+01  -1.6881843e-01   1.0723962e-01   6.7527373e-01  -4.2895850e-01  -8.0000000e-02
   3.0900000e+01  -1.7396720e-01   9.8668197e-02   6.9586880e-01  -3.9467279e-01  -8.0000000e-02
   3.0950000e+01  -1.7868114e-01   8.9850152e-02   7.1472456e-01  -3.5940061e-01  -8.0000000e-02
   3.1000000e+01  -1.8294847e-01   8.0807527e-02   7.3179389e-01  -3.2323011e-01  -8.0000000e-02
   3.1050000e+01  -1.8675853e-01   7.1562926e-02   7.4703411e-01  -2.8625171e-01  -8.0000000e-02
   3.1100000e+01  -1.9010178e-01   6.2139455e-02   7.6040713e-01  -2.4855782e-01  -8.0000000e-02
   3.1150000e+01  -1.9296988e-01   5.2560668e-02   7.7187954e-01  -2.1024267e-01  -8.0000000e-02
   3.1200000e+01  -1.9535566e-01   4.2850506e-02   7.8142264e-01  -1.7140202e-01  -8.0000000e-02
   3.1250000e+01  -1.9725315e-01   3.3033241e-02   7.8901260e-01  -1.3213296e-01  -8.0000000e-02
   3.1300000e+01  -1.9865761e-01   2.3133409e-02   7.9463043e-01  -9.2533637e-02  -8.0000000e-02
   3.1350000e+01  -1.9956553e-01   1.3175756e-02   7.9826211e-01  -5.2703025e-02  -8.0000000e-02
   3.1400000e+01  -1.9997464e-01   3.1851707e-03   7.9989854e-01  -1.2740683e-02  -8.0000000e-02
   3.1450000e+01  -1.9988391e-01  -6.8133761e-03   7.9953564e-01   2.7253504e-02  -8.0000000e-02
   3.1500000e+01  -1.9929358e-01  -1.6794893e-02   7.9717433e-01   6.7179572e-02  -8.0000000e-02
   3.1550000e+01  -1.9820512e-01  -2.6734431e-02   7.9282049e-01   1.0693773e-01  -8.0000000e-02
   3.1600000e+01  -1.9662125e-01  -3.6607148e-02   7.8648501e-01   1.4642859e-01  -8.0000000e-02
   3.1650000e+01  -1.9454593e-01  -4.6388365e-02   7.7818373e-01   1.8555346e-01  -8.0000000e-02
   3.1700000e+01  -1.9198435e-01  -5.6053636e-02   7.6793739e-01   2.2421454e-01  -8.0000000e-02
   3.1750000e+01  -1.8894290e-01  -6.5578802e-02   7.5577161e-01   2.6231521e-01  -8.0000000e-02
   3.1800000e+01  -1.8542920e-01  -7.4940054e-02   7.4171680e-01   2.9976022e-01  -8.0000000e-02
   3.1850000e+01  -1.8145202e-01  -8.4113996e-02   7.2580808e-01   3.3645599e-01  -8.0000000e-02
   3.1900000e+01  -1.7702130e-01  -9.3077697e-02   7.0808522e-01   3.7231079e-01  -8.0000000e-02
   3.1950000e+01  -1.7214813e-01  -1.0180875e-01   6.8859251e-01   4.0723501e-01  -8.0000000e-02
   3.2000000e+01  -1.6684467e-01  -1.1028534e-01   6.6737868e-01   4.4114135e-01  -8.0000000e-02
   3.2050000e+01  -1.6112419e-01  -1.1848627e-01   6.4449676e-01   4.7394507e-01  -8.0000000e-02
   3.2100000e+01  -1.5500098e-01  -1.2639104e-01   6.2000392e-01   5.0556418e-01  -8.0000000e-02
   3.2150000e+01  -1.4849035e-01  -1.3397991e-01   5.9396140e-01   5.3591963e-01  -8.0000000e-02
   3.2200000e+01  -1.4160857e-01  -1.4123389e-01   5.6643429e-01   5.6493557e-01  -8.0000000e-02
   3.2250000e+01  -1.3437285e-01  -1.4813487e-01   5.3749138e-01   5.9253946e-01  -8.0000000e-02
   3.2300000e+01  -1.2680126e-01  -1.5466558e-01   5.0720503e-01   6.1866232e-01  -8.0000000e-02
   3.2350000e+01  -1.1891273e-01  -1.6080971e-01   4.7565092e-01   6.4323884e-01  -8.0000000e-02
   3.2400000e+01  -1.1072699e-01  -1.6655190e-01   4.4290794e-01   6.6620759e-01  -8.0000000e-02
   3.2450000e+01  -1.0226448e-01  -1.7187779e-01   4.0905792e-01   6.8751118e-01  -8.0000000e-02
   3.2500000e+01  -9.3546366e-02  -1.7677409e-01   3.7418547e-01   7.0709634e-01  -8.0000000e-02
   3.2550000e+01  -8.4594436e-02  -1.8122853e-01   3.3837774e-01   7.2491413e-01  -8.0000000e-02
   3.2600000e+01  -7.5431063e-02  -1.8523000e-01   3.0172425e-01   7.4092002e-01  -8.0000000e-02
   3.2650000e+01  -6.6079152e-02  -1.8876850e-01   2.6431661e-01   7.5507399e-01  -8.0000000e-02
   3.2700000e+01  -5.6562078e-02  -1.9183517e-01   2.2624831e-01   7.6734067e-01  -8.0000000e-02
   3.2750000e+01  -4.6903628e-02  -1.9442235e-01   1.8761451e-01   7.7768939e-01  -8.0000000e-02
   3.2800000e+01  -3.7127943e-02  -1.9652358e-01   1.4851177e-01   7.8609430e-01  -8.0000000e-02
   3.2850000e+01  -2.7259458e-02  -1.9813360e-01   1.0903783e-01   7.9253438e-01  -8.0000000e-02
   3.2900000e+01  -1.7322838e-02  -1.9924839e-01   6.9291351e-02   7.9699354e-01  -8.0000000e-02
   3.2950000e+01  -7.3429200e-03  -1.9986516e-01   2.9371680e-02   7.9946063e-01  -8.0000000e-02
   3.3000000e+01   2.6553513e-03  -1.9998237e-01  -1.0621405e-02   7.9992949e-01  -8.0000000e-02
   3.3050000e+01   1.2646986e-02  -1.9959973e-01  -5.0587943e-02   7.9839894e-01  -8.0000000e-02
   3.3100000e+01   2.2607009e-02  -1.9871820e-01  -9.0428036e-02   7.9487280e-01  -8.0000000e-02
   3.3150000e+01   3.2510527e-02  -1.9733997e-01  -1.3004211e-01   7.8935990e-01  -8.0000000e-02
   3.3200000e+01   4.2332785e-02  -1.9546850e-01  -1.6933114e-01   7.8187401e-01  -8.0000000e-02
   3.3250000e+01   5.2049234e-02  -1.9310846e-01  -2.0819693e-01   7.7243384e-01  -8.0000000e-02
   3.3300000e+01   6.1635586e-02  -1.9026575e-01  -2.4654234e-01   7.6106299e-01  -8.0000000e-02
   3.3350000e+01   7.1067881e-02  -1.8694747e-01  -2.8427153e-01   7.4778988e-01  -8.0000000e-02
   3.3400000e+01   8.0322544e-02  -1.8316192e-01  -3.2129018e-01   7.3264768e-01  -8.0000000e-02
   3.3450000e+01   8.9376443e-02  -1.7891856e-01  -3.5750577e-01   7.1567424e-01  -8.0000000e-02
   3.3500000e+01   9.8206946e-02  -1.7422800e-01  -3.9282779e-01   6.9691200e-01  -8.0000000e-02
   3.3550000e+01   1.0679198e-01  -1.6910196e-01  -4.2716794e-01   6.7640783e-01  -8.0000000e-02
   3.3600000e+01   1.1511010e-01  -1.6355325e-01  -4.6044039e-01   6.5421300e-01  -8.0000000e-02
   3.3650000e+01   1.2314050e-01  -1.5759574e-01  -4.9256198e-01   6.3038297e-01  -8.0000000e-02
   3.3700000e+01   1.3086311e-01  -1.5124433e-01  -5.2345242e-01   6.0497732e-01  -8.0000000e-02
   3.3750000e+01   1.3825863e-01  -1.4451489e-01  -5.5303451e-01   5.7805954e-01  -8.0000000e-02
   3.3800000e+01   1.4530857e-01  -1.3742423e-01  -5.8123429e-01   5.4969691e-01  -8.0000000e-02
   3.3850000e+01   1.5199532e-01  -1.2999008e-01  -6.0798130e-01   5.1996033e-01  -8.0000000e-02
   3.3900000e+01   1.5830217e-01  -1.2223103e-01  -6.3320867e-01   4.8892411e-01  -8.0000000e-02
   3.3950000e+01   1.6421334e-01  -1.1416646e-01  -6.5685334e-01   4.5666584e-01  -8.0000000e-02
   3.4000000e+01   1.6971406e-01  -1.0581654e-01  -6.7885622e-01   4.2326614e-01  -8.0000000e-02
   3.4050000e+01   1.7479058e-01  -9.7202125e-02  -6.9916232e-01   3.8880850e-01  -8.0000000e-02
   3.4100000e+01   1.7943022e-01  -8.8344759e-02  -7.1772088e-01   3.5337904e-01  -8.0000000e-02
   3.4150000e+01   1.8362138e-01  -7.9266578e-02  -7.3448550e-01   3.1706631e-01  -8.0000000e-02
   3.4200000e+01   1.8735357e-01  -6.9990272e-02  -7.4941430e-01   2.7996109e-01  -8.0000000e-02
   3.4250000e+01   1.9061749e-01  -6.0539026e-02  -7.6246995e-01   2.4215610e-01  -8.0000000e-02
   3.4300000e+01   1.9340495e-01  -5.0936465e-02  -7.7361982e-01   2.0374586e-01  -8.0000000e-02
   3.4350000e+01   1.9570901e-01  -4.1206588e-02  -7.8283604e-01   1.6482635e-01  -8.0000000e-02
   3.4400000e+01   1.9752390e-01  -3.1373717e-02  -7.9009559e-01   1.2549487e-01  -8.0000000e-02
   3.4450000e+01   1.9884508e-01  -2.1462428e-02  -7.9538030e-01   8.5849711e-02  -8.0000000e-02
   3.4500000e+01   1.9966925e-01  -1.1497494e-02  -7.9867698e-01   4.5989974e-02  -8.0000000e-02
   3.4550000e+01   1.9999435e-01  -1.5038216e-03  -7.9997738e-01   6.0152866e-03  -8.0000000e-02
   3.4600000e+01   1.9981957e-01   8.4936090e-03  -7.9927826e-01  -3.3974436e-02  -8.0000000e-02
   3.4650000e+01   1.9914534e-01   1.8469810e-02  -7.9658136e-01  -7.3879240e-02  -8.0000000e-02
   3.4700000e+01   1.9797335e-01   2.8399846e-02  -7.9189341e-01  -1.1359939e-01  -8.0000000e-02
   3.4750000e+01   1.9630654e-01   3.8258898e-02  -7.8522615e-01  -1.5303559e-01  -8.0000000e-02
   3.4800000e+01   1.9414906e-01   4.8022322e-02  -7.7659623e-01  -1.9208929e-01  -8.0000000e-02
   3.4850000e+01   1.9150631e-01   5.7665715e-02  -7.6602522e-01  -2.3066286e-01  -8.0000000e-02
   3.4900000e+01   1.8838489e-01   6.7164974e-02  -7.5353955e-01  -2.6865990e-01  -8.0000000e-02
   3.4950000e+01   1.8479261e-01   7.6496355e-02  -7.3917043e-01  -3.0598542e-01  -8.0000000e-02
   3.5000000e+01   1.8073844e-01   8.5636536e-02  -7.2295376e-01  -3.4254614e-01  -8.0000000e-02
   3.5050000e+01   1.7623252e-01   9.4562670e-02  -7.0493008e-01  -3.7825068e-01  -8.0000000e-02
   3.5100000e+01   1.7128611e-01   1.0325245e-01  -6.8514445e-01  -4.1300978e-01  -8.0000000e-02
   3.5150000e+01   1.6591158e-01   1.1168414e-01  -6.6364631e-01  -4.4673658e-01  -8.0000000e-02
   3.5200000e+01   1.6012235e-01   1.1983669e-01  -6.4048940e-01  -4.7934677e-01  -8.0000000e-02
   3.5250000e+01   1.5393290e-01   1.2768971e-01  -6.1573161e-01  -5.1075884e-01  -8.0000000e-02
   3.5300000e+01   1.4735870e-01   1.3522357e-01  -5.8943480e-01  -5.4089427e-01  -8.0000000e-02
   3.5350000e+01   1.4041618e-01   1.4241944e-01  -5.6166471e-01  -5.6967776e-01  -8.0000000e-02
   3.5400000e+01   1.3312269e-01   1.4925934e-01  -5.3249076e-01  -5.9703735e-01  -8.0000000e-02
   3.5450000e+01   1.2549646e-01   1.5572616e-01  -5.0198585e-01  -6.2290465e-01  -8.0000000e-02
   3.5500000e+01   1.1755656e-01   1.6180375e-01  -4.7022624e-01  -6.4721502e-01  -8.0000000e-02
   3.5550000e+01   1.0932283e-01   1.6747692e-01  -4.3729131e-01  -6.6990768e-01  -8.0000000e-02
   3.5600000e+01   1.0081585e-01   1.7273148e-01  -4.0326338e-01  -6.9092593e-01  -8.0000000e-02
   3.5650000e+01   9.2056877e-02   1.7755431e-01  -3.6822751e-01  -7.1021722e-01  -8.0000000e-02
   3.5700000e+01   8.3067813e-02   1.8193334e-01  -3.3227125e-01  -7.2773334e-01  -8.0000000e-02
   3.5750000e+01   7.3871123e-02   1.8585763e-01  -2.9548449e-01  -7.4343050e-01  -8.0000000e-02
   3.5800000e+01   6.4489793e-02   1.8931737e-01  -2.5795917e-01  -7.5726948e-01  -8.0000000e-02
   3.5850000e+01   5.4947273e-02   1.9230392e-01  -2.1978909e-01  -7.6921568e-01  -8.0000000e-02
   3.5900000e+01   4.5267413e-02   1.9480981e-01  -1.8106965e-01  -7.7923923e-01  -8.0000000e-02
   3.5950000e+01   3.5474408e-02   1.9682877e-01  -1.4189763e-01  -7.8731510e-01  -8.0000000e-02
   3.6000000e+01   2.5592736e-02   1.9835577e-01  -1.0237094e-01  -7.9342308e-01  -8.0000000e-02
   3.6050000e+01   1.5647095e-02   1.9938698e-01  -6.2588379e-02  -7.9754793e-01  -8.0000000e-02
   3.6100000e+01   5.6623443e-03   1.9991983e-01  -2.2649377e-02  -7.9967931e-01  -8.0000000e-02
   3.6150000e+01  -4.3365591e-03   1.9995298e-01   1.7346237e-02  -7.9981192e-01  -8.0000000e-02
   3.6200000e+01  -1.4324623e-02   1.9948635e-01   5.7298494e-02  -7.9794541e-01  -8.0000000e-02
   3.6250000e+01  -2.4276884e-02   1.9852111e-01   9.7107534e-02  -7.9408446e-01  -8.0000000e-02
   3.6300000e+01  -3.4168464e-02   1.9705968e-01   1.3667386e-01  -7.8823871e-01  -8.0000000e-02
   3.6350000e+01  -4.3974641e-02   1.9510569e-01   1.7589857e-01  -7.8042277e-01  -8.0000000e-02
   3.6400000e+01  -5.3670905e-02   1.9266404e-01   2.1468362e-01  -7.7065618e-01  -8.0000000e-02
   3.6450000e+01  -6.3233019e-02   1.8974084e-01   2.5293208e-01  -7.5896335e-01  -8.0000000e-02
   3.6500000e+01  -7.2637084e-02   1.8634338e-01   2.9054834e-01  -7.4537351e-01  -8.0000000e-02
   3.6550000e+01  -8.1859594e-02   1.8248015e-01   3.2743837e-01  -7.2992062e-01  -8.0000000e-02
   3.6600000e+01  -9.0877497e-02   1.7816083e-01   3.6350999e-01  -7.1264331e-01  -8.0000000e-02
   3.6650000e+01  -9.9668254e-02   1.7339619e-01   3.9867302e-01  -6.9358477e-01  -8.0000000e-02
   3.6700000e+01  -1.0820989e-01   1.6819815e-01   4.3283957e-01  -6.7279262e-01  -8.0000000e-02
   3.6750000e+01  -1.1648106e-01   1.6257971e-01   4.6592425e-01  -6.5031884e-01  -8.0000000e-02
   3.6800000e+01  -1.2446109e-01   1.5655490e-01   4.9784436e-01  -6.2621961e-01  -8.0000000e-02
   3.6850000e+01  -1.3213003e-01   1.5013879e-01   5.2852012e-01  -6.0055515e-01  -8.0000000e-02
   3.6900000e+01  -1.3946871e-01   1.4334740e-01   5.5787485e-01  -5.7338961e-01  -8.0000000e-02
   3.6950000e+01  -1.4645880e-01   1.3619773e-01   5.8583519e-01  -5.4479090e-01  -8.0000000e-02
   3.7000000e+01  -1.5308281e-01   1.2870762e-01   6.1233125e-01  -5.1483050e-01  -8.0000000e-02
   3.7050000e+01  -1.5932420e-01   1.2089582e-01   6.3729679e-01  -4.8358329e-01  -8.0000000e-02
   3.7100000e+01  -1.6516736e-01   1.1278184e-01   6.6066943e-01  -4.5112737e-01  -8.0000000e-02
   3.7150000e+01  -1.7059768e-01   1.0438597e-01   6.8239074e-01  -4.1754387e-01  -8.0000000e-02
   3.7200000e+01  -1.7560161e-01   9.5729182e-02   7.0240642e-01  -3.8291673e-01  -8.0000000e-02
   3.7250000e+01  -1.8016661e-01   8.6833123e-02   7.2066646e-01  -3.4733249e-01  -8.0000000e-02
   3.7300000e+01  -1.8428130e-01   7.7720026e-02   7.3712520e-01  -3.1088011e-01  -8.0000000e-02
   3.7350000e+01  -1.8793538e-01   6.8412670e-02   7.5174151e-01  -2.7365068e-01  -8.0000000e-02
   3.7400000e+01  -1.9111972e-01   5.8934318e-02   7.6447887e-01  -2.3573727e-01  -8.0000000e-02
   3.7450000e+01  -1.9382636e-01   4.9308661e-02   7.7530542e-01  -1.9723464e-01  -8.0000000e-02
   3.7500000e+01  -1.9604853e-01   3.9559758e-02   7.8419411e-01  -1.5823903e-01  -8.0000000e-02
   3.7550000e+01  -1.9778068e-01   2.9711976e-02   7.9112273e-01  -1.1884790e-01  -8.0000000e-02
   3.7600000e+01  -1.9901849e-01   1.9789929e-02   7.9607395e-01  -7.9159717e-02  -8.0000000e-02
   3.7650000e+01  -1.9975885e-01   9.8184182e-03   7.9903541e-01  -3.9273673e-02  -8.0000000e-02
   3.7700000e+01  -1.9999992e-01  -1.7763368e-04   7.9999968e-01   7.1053472e-04  -8.0000000e-02
   3.7750000e+01  -1.9974110e-01  -1.0173242e-02   7.9896438e-01   4.0692966e-02  -8.0000000e-02
   3.7800000e+01  -1.9898302e-01  -2.0143422e-02   7.9593208e-01   8.0573687e-02  -8.0000000e-02
   3.7850000e+01  -1.9772759e-01  -3.0063254e-02   7.9091037e-01   1.2025302e-01  -8.0000000e-02
   3.7900000e+01  -1.9597795e-01  -3.9907943e-02   7.8391179e-01   1.5963177e-01  -8.0000000e-02
   3.7950000e+01  -1.9373846e-01  -4.9652884e-02   7.7495384e-01   1.9861154e-01  -8.0000000e-02
   3.8000000e+01  -1.9101473e-01  -5.9273718e-02   7.6405891e-01   2.3709487e-01  -8.0000000e-02
   3.8050000e+01  -1.8781356e-01  -6.8746399e-02   7.5125423e-01   2.7498559e-01  -8.0000000e-02
   3.8100000e+01  -1.8414295e-01  -7.8047249e-02   7.3657181e-01   3.1218900e-01  -8.0000000e-02
   3.8150000e+01  -1.8001208e-01  -8.7153022e-02   7.2004834e-01   3.4861209e-01  -8.0000000e-02
   3.8200000e+01  -1.7543128e-01  -9.6040958e-02   7.0172512e-01   3.8416383e-01  -8.0000000e-02
   3.8250000e+01  -1.7041199e-01  -1.0468884e-01   6.8164796e-01   4.1875537e-01  -8.0000000e-02
   3.8300000e+01  -1.6496676e-01  -1.1307506e-01   6.5986703e-01   4.5230023e-01  -8.0000000e-02
   3.8350000e+01  -1.5910920e-01  -1.2117864e-01   6.3643678e-01   4.8471458e-01  -8.0000000e-02
   3.8400000e+01  -1.5285394e-01  -1.2897935e-01   6.1141577e-01   5.1591739e-01  -8.0000000e-02
   3.8450000e+01  -1.4621663e-01  -1.3645767e-01   5.8486654e-01   5.4583068e-01  -8.0000000e-02
   3.8500000e+01  -1.3921386e-01  -1.4359492e-01   5.5685544e-01   5.7437968e-01  -8.0000000e-02
   3.8550000e+01  -1.3186312e-01  -1.5037326e-01   5.2745250e-01   6.0149303e-01  -8.0000000e-02
   3.8600000e+01  -1.2418280e-01  -1.5677574e-01   4.9673120e-01   6.2710296e-01  -8.0000000e-02
   3.8650000e+01  -1.1619208e-01  -1.6278636e-01   4.6476833e-01   6.5114545e-01  -8.0000000e-02
   3.8700000e+01  -1.0791094e-01  -1.6839011e-01   4.3164378e-01   6.7356043e-01  -8.0000000e-02
   3.8750000e+01  -9.9360087e-02  -1.7357296e-01   3.9744035e-01   6.9429185e-01  -8.0000000e-02
   3.8800000e+01  -9.0560880e-02  -1.7832198e-01   3.6224352e-01   7.1328790e-01  -8.0000000e-02
   3.8850000e+01  -8.1535318e-02  -1.8262528e-01   3.2614127e-01   7.3050111e-01  -8.0000000e-02
   3.8900000e+01  -7.2305961e-02  -1.8647211e-01   2.8922384e-01   7.4588844e-01  -8.0000000e-02
   3.8950000e+01  -6.2895876e-02  -1.8985286e-01   2.5158350e-01   7.5941144e-01  -8.0000000e-02
   3.9000000e+01  -5.3328584e-02  -1.9275908e-01   2.1331434e-01   7.7103631e-01  -8.0000000e-02
   3.9050000e+01  -4.3627999e-02  -1.9518350e-01   1.7451200e-01   7.8073399e-01  -8.0000000e-02
   3.9100000e+01  -3.3818366e-02  -1.9712006e-01   1.3527346e-01   7.8848024e-01  -8.0000000e-02
   3.9150000e+01  -2.3924205e-02  -1.9856393e-01   9.5696820e-02   7.9425570e-01  -8.0000000e-02
   3.9200000e+01  -1.3970246e-02  -1.9951148e-01   5.5880984e-02   7.9804594e-01  -8.0000000e-02
   3.9250000e+01  -3.9813686e-03  -1.9996037e-01   1.5925474e-02   7.9984147e-01  -8.0000000e-02
   3.9300000e+01   6.0174602e-03  -1.9990945e-01  -2.4069841e-02   7.9963782e-01  -8.0000000e-02
   3.9350000e+01   1.6001248e-02  -1.9935887e-01  -6.4004994e-02   7.9743549e-01  -8.0000000e-02
   3.9400000e+01   2.5945042e-02  -1.9831000e-01  -1.0378017e-01   7.9323999e-01  -8.0000000e-02
   3.9450000e+01   3.5823986e-02  -1.9676545e-01  -1.4329594e-01   7.8706180e-01  -8.0000000e-02
   3.9500000e+01   4.5613389e-02  -1.9472909e-01  -1.8245356e-01   7.7891636e-01  -8.0000000e-02
   3.9550000e+01   5.5288783e-02  -1.9220601e-01  -2.2115513e-01   7.6882404e-01  -8.0000000e-02
   3.9600000e+01   6.4825983e-02  -1.8920252e-01  -2.5930393e-01   7.5681006e-01  -8.0000000e-02
   3.9650000e+01   7.4201152e-02  -1.8572611e-01  -2.9680461e-01   7.4290445e-01  -8.0000000e-02
   3.9700000e+01   8.3390856e-02  -1.8178549e-01  -3.3356343e-01   7.2714197e-01  -8.0000000e-02
   3.9750000e+01   9.2372127e-02  -1.7739050e-01  -3.6948851e-01   7.0956201e-01  -8.0000000e-02
   3.9800000e+01   1.0112252e-01  -1.7255213e-01  -4.0449006e-01   6.9020851e-01  -8.0000000e-02
   3.9850000e+01   1.0962015e-01  -1.6728246e-01  -4.3848061e-01   6.6912985e-01  -8.0000000e-02
   3.9900000e+01   1.1784379e-01  -1.6159468e-01  -4.7137517e-01   6.4637872e-01  -8.0000000e-02
   3.9950000e+01   1.2577289e-01  -1.5550299e-01  -5.0309155e-01   6.2201197e-01  -8.0000000e-02
   4.0000000e+01   1.3338761e-01  -1.4902263e-01  -5.3355046e-01   5.9609052e-01  -8.0000000e-02
   4.0050000e+01   1.4066894e-01  -1.4216979e-01  -5.6267577e-01   5.6867916e-01  -8.0000000e-02
   4.0100000e+01   1.4759867e-01  -1.3496160e-01  -5.9039468e-01   5.3984639e-01  -8.0000000e-02
   4.0150000e+01   1.5415948e-01  -1.2741607e-01  -6.1663791e-01   5.0966428e-01  -8.0000000e-02
   4.0200000e+01   1.6033497e-01  -1.1955207e-01  -6.4133988e-01   4.7820829e-01  -8.0000000e-02
   4.0250000e+01   1.6610971e-01  -1.1138925e-01  -6.6443882e-01   4.4555702e-01  -8.0000000e-02
   4.0300000e+01   1.7146925e-01  -1.0294802e-01  -6.8587701e-01   4.1179208e-01  -8.0000000e-02
   4.0350000e+01   1.7640022e-01  -9.4249472e-02  -7.0560087e-01   3.7699789e-01  -8.0000000e-02
   4.0400000e+01   1.8089027e-01  -8.5315348e-02  -7.2356110e-01   3.4126139e-01  -8.0000000e-02
   4.0450000e+01   1.8492820e-01  -7.6167981e-02  -7.3971279e-01   3.0467192e-01  -8.0000000e-02
   4.0500000e+01   1.8850390e-01  -6.6830233e-02  -7.5401560e-01   2.6732093e-01  -8.0000000e-02
   4.0550000e+01   1.9160844e-01  -5.7325444e-02  -7.6643375e-01   2.2930178e-01  -8.0000000e-02
   4.0600000e+01   1.9423406e-01  -4.7677372e-02  -7.7693622e-01   1.9070949e-01  -8.0000000e-02
   4.0650000e+01   1.9637419e-01  -3.7910131e-02  -7.8549675e-01   1.5164052e-01  -8.0000000e-02
   4.0700000e+01   1.9802349e-01  -2.8048134e-02  -7.9209396e-01   1.1219254e-01  -8.0000000e-02
   4.0750000e+01   1.9917783e-01  -1.8116032e-02  -7.9671133e-01   7.2464128e-02  -8.0000000e-02
   4.0800000e+01   1.9983434e-01  -8.1386489e-03  -7.9933735e-01   3.2554596e-02  -8.0000000e-02
   4.0850000e+01   1.9999136e-01   1.8590765e-03  -7.9996544e-01  -7.4363058e-03  -8.0000000e-02
   4.0900000e+01   1.9964851e-01   1.1852155e-02  -7.9859403e-01  -4.7408620e-02  -8.0000000e-02
   4.0950000e+01   1.9880664e-01   2.1815610e-02  -7.9522655e-01  -8.7262438e-02  -8.0000000e-02
   4.1000000e+01   1.9746786e-01   3.1724536e-02  -7.8987142e-01  -1.2689815e-01  -8.0000000e-02
   4.1050000e+01   1.9563551e-01   4.1554168e-02  -7.8254202e-01  -1.6621667e-01  -8.0000000e-02
   4.1100000e+01   1.9331417e-01   5.1279936e-02  -7.7325668e-01  -2.0511975e-01  -8.0000000e-02
   4.1150000e+01   1.9050965e-01   6.0877531e-02  -7.6203859e-01  -2.4351013e-01  -8.0000000e-02
   4.1200000e+01   1.8722895e-01   7.0322964e-02  -7.4891581e-01  -2.8129186e-01  -8.0000000e-02
   4.1250000e+01   1.8348028e-01   7.9592626e-02  -7.3392113e-01  -3.1837051e-01  -8.0000000e-02
   4.1300000e+01   1.7927301e-01   8.8663348e-02  -7.1709202e-01  -3.5465339e-01  -8.0000000e-02
   4.1350000e+01   1.7461764e-01   9.7512458e-02  -6.9847056e-01  -3.9004983e-01  -8.0000000e-02
   4.1400000e+01   1.6952582e-01   1.0611784e-01  -6.7810329e-01  -4.2447135e-01  -8.0000000e-02
   4.1450000e+01   1.6401028e-01   1.1445798e-01  -6.5604111e-01  -4.5783191e-01  -8.0000000e-02
   4.1500000e+01   1.5808479e-01   1.2251203e-01  -6.3233917e-01  -4.9004813e-01  -8.0000000e-02
   4.1550000e+01   1.5176418e-01   1.3025987e-01  -6.0705671e-01  -5.2103948e-01  -8.0000000e-02
   4.1600000e+01   1.4506423e-01   1.3768213e-01  -5.8025693e-01  -5.5072851e-01  -8.0000000e-02
   4.1650000e+01   1.3800170e-01   1.4476025e-01  -5.5200681e-01  -5.7904100e-01  -8.0000000e-02
   4.1700000e+01   1.3059424e-01   1.5147655e-01  -5.2237695e-01  -6.0590619e-01  -8.0000000e-02
   4.1750000e+01   1.2286036e-01   1.5781423e-01  -4.9144143e-01  -6.3125694e-01  -8.0000000e-02
   4.1800000e+01   1.1481939e-01   1.6375747e-01  -4.5927756e-01  -6.5502986e-01  -8.0000000e-02
   4.1850000e+01   1.0649143e-01   1.6929139e-01  -4.2596573e-01  -6.7716556e-01  -8.0000000e-02
   4.1900000e+01   9.7897304e-02   1.7440217e-01  -3.9158922e-01  -6.9760869e-01  -8.0000000e-02
   4.1950000e+01   8.9058482e-02   1.7907704e-01  -3.5623393e-01  -7.1630817e-01  -8.0000000e-02
   4.2000000e+01   7.9997060e-02   1.8330431e-01  -3.1998824e-01  -7.3321724e-01  -8.0000000e-02
   4.2050000e+01   7.0735688e-02   1.8707341e-01  -2.8294275e-01  -7.4829366e-01  -8.0000000e-02
   4.2100000e+01   6.1297513e-02   1.9037493e-01  -2.4519005e-01  -7.6149973e-01  -8.0000000e-02
   4.2150000e+01   5.1706126e-02   1.9320061e-01  -2.0682450e-01  -7.7280245e-01  -8.0000000e-02
   4.2200000e+01   4.1985501e-02   1.9554339e-01  -1.6794200e-01  -7.8217356e-01  -8.0000000e-02
   4.2250000e+01   3.2159933e-02   1.9739741e-01  -1.2863973e-01  -7.8958965e-01  -8.0000000e-02
   4.2300000e+01   2.2253983e-02   1.9875804e-01  -8.9015932e-02  -7.9503218e-01  -8.0000000e-02
   4.2350000e+01   1.2292409e-02   1.9962188e-01  -4.9169638e-02  -7.9848754e-01  -8.0000000e-02
   4.2400000e+01   2.3001112e-03   1.9998677e-01  -9.2004449e-03  -7.9994709e-01  -8.0000000e-02
   4.2450000e+01  -7.6979361e-03   1.9985180e-01   3.0791744e-02  -7.9940720e-01  -8.0000000e-02
   4.2500000e+01  -1.7676743e-02   1.9921730e-01   7.0706970e-02  -7.9686920e-01  -8.0000000e-02
   4.2550000e+01  -2.7611366e-02   1.9808486e-01   1.1044547e-01  -7.9233945e-01  -8.0000000e-02
   4.2600000e+01  -3.7476976e-02   1.9645731e-01   1.4990791e-01  -7.8582926e-01  -8.0000000e-02
   4.2650000e+01  -4.7248913e-02   1.9433873e-01   1.8899565e-01  -7.7735490e-01  -8.0000000e-02
   4.2700000e+01  -5.6902752e-02   1.9173439e-01   2.2761101e-01  -7.6693756e-01  -8.0000000e-02
   4.2750000e+01  -6.6414364e-02   1.8865082e-01   2.6565746e-01  -7.5460328e-01  -8.0000000e-02
   4.2800000e+01  -7.5759975e-02   1.8509572e-01   3.0303990e-01  -7.4038289e-01  -8.0000000e-02
   4.2850000e+01  -8.4916225e-02   1.8107798e-01   3.3966490e-01  -7.2431192e-01  -8.0000000e-02
   4.2900000e+01  -9.3860229e-02   1.7660764e-01   3.7544092e-01  -7.0643055e-01  -8.0000000e-02
   4.2950000e+01  -1.0256963e-01   1.7169587e-01   4.1027852e-01  -6.8678347e-01  -8.0000000e-02
   4.3000000e+01  -1.1102266e-01   1.6635495e-01   4.4409065e-01  -6.6541979e-01  -8.0000000e-02
   4.3050000e+01  -1.1919820e-01   1.6059823e-01   4.7679278e-01  -6.4239290e-01  -8.0000000e-02
   4.3100000e+01  -1.2707579e-01   1.5444009e-01   5.0830318e-01  -6.1776037e-01  -8.0000000e-02
   4.3150000e+01  -1.3463577e-01   1.4789594e-01   5.3854308e-01  -5.9158376e-01  -8.0000000e-02
   4.3200000e+01  -1.4185923e-01   1.4098213e-01   5.6743691e-01  -5.6392850e-01  -8.0000000e-02
   4.3250000e+01  -1.4872811e-01   1.3371593e-01   5.9491244e-01  -5.3486371e-01  -8.0000000e-02
   4.3300000e+01  -1.5522525e-01   1.2611551e-01   6.2090100e-01  -5.0446204e-01  -8.0000000e-02
   4.3350000e+01  -1.6133441e-01   1.1819987e-01   6.4533763e-01  -4.7279948e-01  -8.0000000e-02
   4.3400000e+01  -1.6704031e-01   1.0998879e-01   6.6816125e-01  -4.3995517e-01  -8.0000000e-02
   4.3450000e+01  -1.7232870e-01   1.0150280e-01   6.8931481e-01  -4.0601119e-01  -8.0000000e-02
   4.3500000e+01  -1.7718636e-01   9.2763101e-02   7.0874545e-01  -3.7105240e-01  -8.0000000e-02
   4.3550000e+01  -1.8160115e-01   8.3791544e-02   7.2640459e-01  -3.3516618e-01  -8.0000000e-02
   4.3600000e+01  -1.8556203e-01   7.4610552e-02   7.4224810e-01  -2.9844221e-01  -8.0000000e-02
   4.3650000e+01  -1.8905910e-01   6.5243072e-02   7.5623638e-01  -2.6097229e-01  -8.0000000e-02
   4.3700000e+01  -1.9208362e-01   5.5712519e-02   7.6833446e-01  -2.2285007e-01  -8.0000000e-02
   4.3750000e+01  -1.9462803e-01   4.6042713e-02   7.7851210e-01  -1.8417085e-01  -8.0000000e-02
   4.3800000e+01  -1.9668597e-01   3.6257824e-02   7.8674387e-01  -1.4503130e-01  -8.0000000e-02
   4.3850000e+01  -1.9825230e-01   2.6382310e-02   7.9300919e-01  -1.0552924e-01  -8.0000000e-02
   4.3900000e+01  -1.9932310e-01   1.6440854e-02   7.9729240e-01  -6.5763416e-02  -8.0000000e-02
   4.3950000e+01  -1.9989570e-01   6.4583043e-03   7.9958279e-01  -2.5833217e-02  -8.0000000e-02
   4.4000000e+01  -1.9996866e-01  -3.5403878e-03   7.9987465e-01   1.4161551e-02  -8.0000000e-02
   4.4050000e+01  -1.9954181e-01  -1.3530231e-02   7.9816723e-01   5.4120923e-02  -8.0000000e-02
   4.4100000e+01  -1.9861620e-01  -2.3486255e-02   7.9446481e-01   9.3945021e-02  -8.0000000e-02
   4.4150000e+01  -1.9719416e-01  -3.3383576e-02   7.8877664e-01   1.3353431e-01  -8.0000000e-02
   4.4200000e+01  -1.9527924e-01  -4.3197456e-02   7.8111694e-01   1.7278982e-01  -8.0000000e-02
   4.4250000e+01  -1.9287621e-01  -5.2903364e-02   7.7150486e-01   2.1161346e-01  -8.0000000e-02
   4.4300000e+01  -1.8999110e-01  -6.2477042e-02   7.5996441e-01   2.4990817e-01  -8.0000000e-02
   4.4350000e+01  -1.8663111e-01  -7.1894559e-02   7.4652445e-01   2.8757824e-01  -8.0000000e-02
   4.4400000e+01  -1.8280464e-01  -8.1132378e-02   7.3121857e-01   3.2452951e-01  -8.0000000e-02
   4.4450000e+01  -1.7852126e-01  -9.0167408e-02   7.1408502e-01   3.6066963e-01  -8.0000000e-02
   4.4500000e+01  -1.7379166e-01  -9.8977066e-02   6.9516663e-01   3.9590826e-01  -8.0000000e-02
   4.4550000e+01  -1.6862767e-01  -1.0753933e-01   6.7451069e-01   4.3015733e-01  -8.0000000e-02
   4.4600000e+01  -1.6304220e-01  -1.1583281e-01   6.5216882e-01   4.6333123e-01  -8.0000000e-02
   4.4650000e+01  -1.5704922e-01  -1.2383676e-01   6.2819687e-01   4.9534704e-01  -8.0000000e-02
   4.4700000e+01  -1.5066369e-01  -1.3153119e-01   6.0265475e-01   5.2612475e-01  -8.0000000e-02
   4.4750000e+01  -1.4390158e-01  -1.3889685e-01   5.7560631e-01   5.5558741e-01  -8.0000000e-02
   4.4800000e+01  -1.3677979e-01  -1.4591535e-01   5.4711916e-01   5.8366140e-01  -8.0000000e-02
   4.4850000e+01  -1.2931612e-01  -1.5256913e-01   5.1726449e-01   6.1027653e-01  -8.0000000e-02
   4.4900000e+01  -1.2152923e-01  -1.5884157e-01   4.8611693e-01   6.3536630e-01  -8.0000000e-02
   4.4950000e+01  -1.1343858e-01  -1.6471699e-01   4.5375433e-01   6.5886797e-01  -8.0000000e-02
   4.5000000e+01  -1.0506440e-01  -1.7018071e-01   4.2025758e-01   6.8072283e-01  -8.0000000e-02
   4.5050000e+01  -9.6427602e-02  -1.7521906e-01   3.8571041e-01   7.0087622e-01  -8.0000000e-02
   4.5100000e+01  -8.7549790e-02  -1.7981945e-01   3.5019916e-01   7.1927780e-01  -8.0000000e-02
   4.5150000e+01  -7.8453148e-02  -1.8397039e-01   3.1381259e-01   7.3588155e-01  -8.0000000e-02
   4.5200000e+01  -6.9160415e-02  -1.8766150e-01   2.7664166e-01   7.5064598e-01  -8.0000000e-02
   4.5250000e+01  -5.9694817e-02  -1.9088355e-01   2.3877927e-01   7.6353419e-01  -8.0000000e-02
   4.5310000e+01  -4.8141256e-02  -1.9411960e-01   1.9256503e-01   7.7647840e-01  -8.0000000e-02
   4.5360000e+01  -3.8379156e-02  -1.9628306e-01   1.5351662e-01   7.8513225e-01  -8.0000000e-02
   4.5410000e+01  -2.8521128e-02  -1.9795592e-01   1.1408451e-01   7.9182367e-01  -8.0000000e-02
   4.5460000e+01  -1.8591811e-02  -1.9913399e-01   7.4367245e-02   7.9653595e-01  -8.0000000e-02
   4.5510000e+01  -8.6160252e-03  -1.9981432e-01   3.4464101e-02   7.9925730e-01  -8.0000000e-02
   4.5560000e+01   1.3812965e-03  -1.9999523e-01  -5.5251860e-03   7.9998092e-01  -8.0000000e-02
   4.5610000e+01   1.1375166e-02  -1.9967625e-01  -4.5500663e-02   7.9870501e-01  -8.0000000e-02
   4.5660000e+01   2.1340603e-02  -1.9885819e-01  -8.5362412e-02   7.9543275e-01  -8.0000000e-02
   4.5710000e+01   3.1252700e-02  -1.9754308e-01  -1.2501080e-01   7.9017232e-01  -8.0000000e-02
   4.5760000e+01   4.1086681e-02  -1.9573422e-01  -1.6434672e-01   7.8293688e-01  -8.0000000e-02
   4.5810000e+01   5.0817967e-02  -1.9343612e-01  -2.0327187e-01   7.7374450e-01  -8.0000000e-02
   4.5860000e+01   6.0422235e-02  -1.9065454e-01  -2.4168894e-01   7.6261816e-01  -8.0000000e-02
   4.5910000e+01   6.9875478e-02  -1.8739642e-01  -2.7950191e-01   7.4958567e-01  -8.0000000e-02
   4.5960000e+01   7.9154069e-02  -1.8366990e-01  -3.1661628e-01   7.3467961e-01  -8.0000000e-02
   4.6010000e+01   8.8234816e-02  -1.7948431e-01  -3.5293927e-01   7.1793724e-01  -8.0000000e-02
   4.6060000e+01   9.7095023e-02  -1.7485010e-01  -3.8838009e-01   6.9940039e-01  -8.0000000e-02
   4.6110000e+01   1.0571254e-01  -1.6977885e-01  -4.2285017e-01   6.7911541e-01  -8.0000000e-02
   4.6160000e+01   1.1406583e-01  -1.6428325e-01  -4.5626334e-01   6.5713299e-01  -8.0000000e-02
   4.6210000e+01   1.2213402e-01  -1.5837702e-01  -4.8853609e-01   6.3350808e-01  -8.0000000e-02
   4.6260000e+01   1.2989694e-01  -1.5207493e-01  -5.1958775e-01   6.0829973e-01  -8.0000000e-02
   4.6310000e+01   1.3733518e-01  -1.4539274e-01  -5.4934072e-01   5.8157095e-01  -8.0000000e-02
   4.6360000e+01   1.4443015e-01  -1.3834714e-01  -5.7772062e-01   5.5338855e-01  -8.0000000e-02
   4.6410000e+01   1.5116413e-01  -1.3095574e-01  -6.0465652e-01   5.2382296e-01  -8.0000000e-02
   4.6460000e+01   1.5752027e-01  -1.2323702e-01  -6.3008109e-01   4.9294809e-01  -8.0000000e-02
   4.6510000e+01   1.6348270e-01  -1.1521028e-01  -6.5393079e-01   4.6084110e-01  -8.0000000e-02
   4.6560000e+01   1.6903650e-01  -1.0689556e-01  -6.7614600e-01   4.2758225e-01  -8.0000000e-02
   4.6610000e+01   1.7416780e-01  -9.8313667e-02  -6.9667120e-01   3.9325467e-01  -8.0000000e-02
   4.6660000e+01   1.7886377e-01  -8.9486039e-02  -7.1545509e-01   3.5794416e-01  -8.0000000e-02
   4.6710000e+01   1.8311268e-01  -8.0434742e-02  -7.3245071e-01   3.2173897e-01  -8.0000000e-02
   4.6760000e+01   1.8690389e-01  -7.1182400e-02  -7.4761558e-01   2.8472960e-01  -8.0000000e-02
   4.6810000e+01   1.9022795e-01  -6.1752139e-02  -7.6091180e-01   2.4700856e-01  -8.0000000e-02
   4.6860000e+01   1.9307654e-01  -5.2167530e-02  -7.7230614e-01   2.0867012e-01  -8.0000000e-02
   4.6910000e+01   1.9544253e-01  -4.2452529e-02  -7.8177012e-01   1.6981012e-01  -8.0000000e-02
   4.6960000e+01   1.9732002e-01  -3.2631419e-02  -7.8928008e-01   1.3052568e-01  -8.0000000e-02
   4.7010000e+01   1.9870431e-01  -2.2728748e-02  -7.9481725e-01   9.0914992e-02  -8.0000000e-02
   4.7060000e+01   1.9959195e-01  -1.2769266e-02  -7.9836779e-01   5.1077066e-02  -8.0000000e-02
   4.7110000e+01   1.9998071e-01  -2.7778684e-03  -7.9992283e-01   1.1111473e-02  -8.0000000e-02
   4.7160000e+01   1.9986962e-01   7.2204729e-03  -7.9947848e-01  -2.8881892e-02  -8.0000000e-02
   4.7210000e+01   1.9925896e-01   1.7200767e-02  -7.9703584e-01  -6.8803067e-02  -8.0000000e-02
   4.7260000e+01   1.9815026e-01   2.7138068e-02  -7.9260104e-01  -1.0855227e-01  -8.0000000e-02
   4.7310000e+01   1.9654628e-01   3.7007537e-02  -7.8618514e-01  -1.4803015e-01  -8.0000000e-02
   4.7360000e+01   1.9445105e-01   4.6784508e-02  -7.7780419e-01  -1.8713803e-01  -8.0000000e-02
   4.7410000e+01   1.9186978e-01   5.6444541e-02  -7.6747913e-01  -2.2577816e-01  -8.0000000e-02
   4.7460000e+01   1.8880894e-01   6.5963492e-02  -7.5523578e-01  -2.6385397e-01  -8.0000000e-02
   4.7510000e+01   1.8527618e-01   7.5317570e-02  -7.4110473e-01  -3.0127028e-01  -8.0000000e-02
   4.7560000e+01   1.8128033e-01   8.4483392e-02  -7.2512130e-01  -3.3793357e-01  -8.0000000e-02
   4.7610000e+01   1.7683136e-01   9.3438050e-02  -7.0732545e-01  -3.7375220e-01  -8.0000000e-02
   4.7660000e+01   1.7194041e-01   1.0215916e-01  -6.8776165e-01  -4.0863664e-01  -8.0000000e-02
   4.7710000e+01   1.6661970e-01   1.1062493e-01  -6.6647881e-01  -4.4249971e-01  -8.0000000e-02
   4.7760000e+01   1.6088253e-01   1.1881419e-01  -6.4353012e-01  -4.7525676e-01  -8.0000000e-02
   4.7810000e+01   1.5474323e-01   1.2670648e-01  -6.1897293e-01  -5.0682591e-01  -8.0000000e-02
   4.7860000e+01   1.4821716e-01   1.3428207e-01  -5.9286864e-01  -5.3712827e-01  -8.0000000e-02
   4.7910000e+01   1.4132062e-01   1.4152202e-01  -5.6528249e-01  -5.6608808e-01  -8.0000000e-02
   4.7960000e+01   1.3407085e-01   1.4840824e-01  -5.3628342e-01  -5.9363296e-01  -8.0000000e-02
   4.8010000e+01   1.2648598e-01   1.5492352e-01  -5.0594392e-01  -6.1969408e-01  -8.0000000e-02
   4.8060000e+01   1.1858496e-01   1.6105157e-01  -4.7433983e-01  -6.4420628e-01  -8.0000000e-02
   4.8110000e+01   1.1038753e-01   1.6677707e-01  -4.4155013e-01  -6.6710830e-01  -8.0000000e-02
   4.8160000e+01   1.0191420e-01   1.7208572e-01  -4.0765679e-01  -6.8834289e-01  -8.0000000e-02
   4.8210000e+01   9.3186130e-02   1.7696425e-01  -3.7274452e-01  -7.0785699e-01  -8.0000000e-02
   4.8260000e+01   8.4225145e-02   1.8140045e-01  -3.3690058e-01  -7.2560182e-01  -8.0000000e-02
   4.8310000e+01   7.5053642e-02   1.8538325e-01  -3.0021457e-01  -7.4153302e-01  -8.0000000e-02
   4.8360000e+01   6.5694543e-02   1.8890269e-01  -2.6277817e-01  -7.5561077e-01  -8.0000000e-02
   4.8410000e+01   5.6171243e-02   1.9194997e-01  -2.2468497e-01  -7.6779989e-01  -8.0000000e-02
   4.8460000e+01   4.6507543e-02   1.9451748e-01  -1.8603017e-01  -7.7806990e-01  -8.0000000e-02
   4.8510000e+01   3.6727599e-02   1.9659879e-01  -1.4691040e-01  -7.8639515e-01  -8.0000000e-02
   4.8560000e+01   2.6855855e-02   1.9818871e-01  -1.0742342e-01  -7.9275482e-01  -8.0000000e-02
   4.8610000e+01   1.6916985e-02   1.9928325e-01  -6.7667941e-02  -7.9713302e-01  -8.0000000e-02
   4.8660000e+01   6.9358319e-03   1.9987970e-01  -2.7743327e-02  -7.9951880e-01  -8.0000000e-02
   4.8710000e+01  -3.0626574e-03   1.9997655e-01   1.2250630e-02  -7.9990620e-01  -8.0000000e-02
   4.8760000e+01  -1.3053492e-02   1.9957356e-01   5.2213967e-02  -7.9829424e-01  -8.0000000e-02
   4.8810000e+01  -2.3011699e-02   1.9867174e-01   9.2046796e-02  -7.9468697e-01  -8.0000000e-02
   4.8860000e+01  -3.2912389e-02   1.9727335e-01   1.3164956e-01  -7.8909340e-01  -8.0000000e-02
   4.8910000e+01  -4.2730815e-02   1.9538188e-01   1.7092326e-01  -7.8152750e-01  -8.0000000e-02
   4.8960000e+01  -5.2442437e-02   1.9300205e-01   2.0976975e-01  -7.7200819e-01  -8.0000000e-02
   4.9010000e+01  -6.2022979e-02   1.9013982e-01   2.4809192e-01  -7.6055927e-01  -8.0000000e-02
   4.9060000e+01  -7.1448497e-02   1.8680233e-01   2.8579399e-01  -7.4720934e-01  -8.0000000e-02
   4.9110000e+01  -8.0695431e-02   1.8299794e-01   3.2278172e-01  -7.3199178e-01  -8.0000000e-02
   4.9160000e+01  -8.9740667e-02   1.7873615e-01   3.5896267e-01  -7.1494461e-01  -8.0000000e-02
   4.9210000e+01  -9.8561599e-02   1.7402762e-01   3.9424640e-01  -6.9611046e-01  -8.0000000e-02
   4.9260000e+01  -1.0713618e-01   1.6888410e-01   4.2854472e-01  -6.7553640e-01  -8.0000000e-02
   4.9310000e+01  -1.1544297e-01   1.6331846e-01   4.6177189e-01  -6.5327385e-01  -8.0000000e-02
   4.9360000e+01  -1.2346122e-01   1.5734461e-01   4.9384488e-01  -6.2937845e-01  -8.0000000e-02
   4.9410000e+01  -1.3117088e-01   1.5097748e-01   5.2468352e-01  -6.0390993e-01  -8.0000000e-02
   4.9460000e+01  -1.3855268e-01   1.4423299e-01   5.5421072e-01  -5.7693196e-01  -8.0000000e-02
   4.9510000e+01  -1.4558817e-01   1.3712799e-01   5.8235268e-01  -5.4851195e-01  -8.0000000e-02
   4.9560000e+01  -1.5225977e-01   1.2968024e-01   6.0903906e-01  -5.1872095e-01  -8.0000000e-02
   4.9610000e+01  -1.5855079e-01   1.2190835e-01   6.3420316e-01  -4.8763342e-01  -8.0000000e-02
   4.9660000e+01  -1.6444552e-01   1.1383176e-01   6.5778209e-01  -4.5532705e-01  -8.0000000e-02
   4.9710000e+01  -1.6992922e-01   1.0547065e-01   6.7971690e-01  -4.2188261e-01  -8.0000000e-02
   4.9760000e+01  -1.7498819e-01   9.6845921e-02   6.9995277e-01  -3.8738368e-01  -8.0000000e-02
   4.9810000e+01  -1.7960978e-01   8.7979124e-02   7.1843913e-01  -3.5191650e-01  -8.0000000e-02
   4.9860000e+01  -1.8378244e-01   7.8892425e-02   7.3512976e-01  -3.1556970e-01  -8.0000000e-02
   4.9910000e+01  -1.8749574e-01   6.9608537e-02   7.4998295e-01  -2.7843415e-01  -8.0000000e-02
   4.9960000e+01  -1.9074039e-01   6.0150663e-02   7.6296157e-01  -2.4060265e-01  -8.0000000e-02
