   0.0000000e+00  -2.0000000e-01   0.0000000e+00   8.0000000e-01   0.0000000e+00  -8.0000000e-02
   4.0000000e-02  -1.9984002e-01  -7.9978668e-03   7.9936009e-01   3.1991467e-02  -8.0000000e-02
   7.0000000e-02  -1.9951020e-01  -1.3988569e-02   7.9804080e-01   5.5954278e-02  -8.0000000e-02
   1.0000000e-01  -1.9900083e-01  -1.9966683e-02   7.9600333e-01   7.9866733e-02  -8.0000000e-02
   1.3000000e-01  -1.9831238e-01  -2.5926829e-02   7.9324951e-01   1.0370731e-01  -8.0000000e-02
   1.6000000e-01  -1.9744546e-01  -3.1863641e-02   7.8978183e-01   1.2745457e-01  -8.0000000e-02
   1.9000000e-01  -1.9640085e-01  -3.7771779e-02   7.8560339e-01   1.5108712e-01  -8.0000000e-02
   2.2000000e-01  -1.9517949e-01  -4.3645925e-02   7.8071796e-01   1.7458370e-01  -8.0000000e-02
   2.6000000e-01  -1.9327800e-01  -5.1416110e-02   7.7311198e-01   2.0566444e-01  -8.0000000e-02
   2.9000000e-01  -1.9164878e-01  -5.7190445e-02   7.6659510e-01   2.2876178e-01  -8.0000000e-02
   3.2000000e-01  -1.8984708e-01  -6.2913312e-02   7.5938833e-01   2.5165325e-01  -8.0000000e-02
   3.5000000e-01  -1.8787454e-01  -6.8579561e-02   7.5149817e-01   2.7431825e-01  -8.0000000e-02
   3.8000000e-01  -1.8573293e-01  -7.4184094e-02   7.4293171e-01   2.9673638e-01  -8.0000000e-02
   4.1000000e-01  -1.8342416e-01  -7.9721866e-02   7.3369666e-01   3.1888746e-01  -8.0000000e-02
   4.4000000e-01  -1.8095033e-01  -8.5187893e-02   7.2380133e-01   3.4075157e-01  -8.0000000e-02
   4.8000000e-01  -1.7739898e-01  -9.2355835e-02   7.0959594e-01   3.6942334e-01  -8.0000000e-02
   5.1000000e-01  -1.7454890e-01  -9.7635449e-02   6.9819561e-01   3.9054180e-01  -8.0000000e-02
   5.4000000e-01  -1.7154174e-01  -1.0282720e-01   6.8616695e-01   4.1130879e-01  -8.0000000e-02
   5.7000000e-01  -1.6838020e-01  -1.0792641e-01   6.7352078e-01   4.3170564e-01  -8.0000000e-02
   6.0000000e-01  -1.6506712e-01  -1.1292849e-01   6.6026849e-01   4.5171398e-01  -8.0000000e-02
   6.3000000e-01  -1.6160550e-01  -1.1782895e-01   6.4642201e-01   4.7131581e-01  -8.0000000e-02
   6.6000000e-01  -1.5799845e-01  -1.2262337e-01   6.3199379e-01   4.9049348e-01  -8.0000000e-02
   7.0000000e-01  -1.5296844e-01  -1.2884354e-01   6.1187375e-01   5.1537415e-01  -8.0000000e-02
   7.3000000e-01  -1.4903488e-01  -1.3337393e-01   5.9613952e-01   5.3349571e-01  -8.0000000e-02
   7.6000000e-01  -1.4496720e-01  -1.3778429e-01   5.7986881e-01   5.5113716e-01  -8.0000000e-02
   7.9000000e-01  -1.4076906e-01  -1.4207065e-01   5.6307625e-01   5.6828262e-01  -8.0000000e-02
   8.2000000e-01  -1.3644424e-01  -1.4622917e-01   5.4577697e-01   5.8491666e-01  -8.0000000e-02
   8.5000000e-01  -1.3199663e-01  -1.5025608e-01   5.2798652e-01   6.0102432e-01  -8.0000000e-02
   8.8000000e-01  -1.2743023e-01  -1.5414778e-01   5.0972092e-01   6.1659110e-01  -8.0000000e-02
   9.2000000e-01  -1.2116403e-01  -1.5912032e-01   4.8465613e-01   6.3648130e-01  -8.0000000e-02
   9.5000000e-01  -1.1633662e-01  -1.6268310e-01   4.6534647e-01   6.5073240e-01  -8.0000000e-02
   9.8000000e-01  -1.1140451e-01  -1.6609947e-01   4.4561804e-01   6.6439790e-01  -8.0000000e-02
   1.0100000e+00  -1.0637214e-01  -1.6936637e-01   4.2548858e-01   6.7746548e-01  -8.0000000e-02
   1.0400000e+00  -1.0124405e-01  -1.7248085e-01   4.0497621e-01   6.8992338e-01  -8.0000000e-02
   1.0700000e+00  -9.6024846e-02  -1.7544010e-01   3.8409938e-01   7.0176040e-01  -8.0000000e-02
   1.1000000e+00  -9.0719224e-02  -1.7824147e-01   3.6287690e-01   7.1296589e-01  -8.0000000e-02
   1.1400000e+00  -8.3518901e-02  -1.8172670e-01   3.3407560e-01   7.2690680e-01  -8.0000000e-02
   1.1700000e+00  -7.8030337e-02  -1.8415012e-01   3.1212135e-01   7.3660048e-01  -8.0000000e-02
   1.2000000e+00  -7.2471551e-02  -1.8640782e-01   2.8988620e-01   7.4563127e-01  -8.0000000e-02
   1.2300000e+00  -6.6847545e-02  -1.8849776e-01   2.6739018e-01   7.5399104e-01  -8.0000000e-02
   1.2600000e+00  -6.1163382e-02  -1.9041807e-01   2.4465353e-01   7.6167227e-01  -8.0000000e-02
   1.2900000e+00  -5.5424175e-02  -1.9216701e-01   2.2169670e-01   7.6866805e-01  -8.0000000e-02
   1.3200000e+00  -4.9635090e-02  -1.9374302e-01   1.9854036e-01   7.7497208e-01  -8.0000000e-02
   1.3600000e+00  -4.1847733e-02  -1.9557292e-01   1.6739093e-01   7.8229168e-01  -8.0000000e-02
   1.3900000e+00  -3.5962596e-02  -1.9674016e-01   1.4385038e-01   7.8696065e-01  -8.0000000e-02
   1.4200000e+00  -3.0045094e-02  -1.9773035e-01   1.2018038e-01   7.9092141e-01  -8.0000000e-02
   1.4500000e+00  -2.4100554e-02  -1.9854260e-01   9.6402215e-02   7.9417039e-01  -8.0000000e-02
   1.4800000e+00  -1.8134325e-02  -1.9917617e-01   7.2537300e-02   7.9670468e-01  -8.0000000e-02
   1.5100000e+00  -1.2151776e-02  -1.9963049e-01   4.8607105e-02   7.9852198e-01  -8.0000000e-02
   1.5400000e+00  -6.1582918e-03  -1.9990517e-01   2.4633167e-02   7.9962066e-01  -8.0000000e-02
   1.5800000e+00   1.8407087e-03  -1.9999153e-01  -7.3628347e-03   7.9996612e-01  -8.0000000e-02
   1.6100000e+00   7.8387264e-03  -1.9984633e-01  -3.1354905e-02   7.9938531e-01  -8.0000000e-02
   1.6400000e+00   1.3829690e-02  -1.9952128e-01  -5.5318759e-02   7.9808510e-01  -8.0000000e-02
   1.6700000e+00   1.9808207e-02  -1.9901667e-01  -7.9232829e-02   7.9606668e-01  -8.0000000e-02
   1.7000000e+00   2.5768899e-02  -1.9833296e-01  -1.0307560e-01   7.9333185e-01  -8.0000000e-02
   1.7300000e+00   3.1706400e-02  -1.9747077e-01  -1.2682560e-01   7.8988307e-01  -8.0000000e-02
   1.7600000e+00   3.7615368e-02  -1.9643086e-01  -1.5046147e-01   7.8572345e-01  -8.0000000e-02
   1.8000000e+00   4.5440419e-02  -1.9476953e-01  -1.8176168e-01   7.7907810e-01  -8.0000000e-02
   1.8300000e+00   5.1262182e-02  -1.9331888e-01  -2.0504873e-01   7.7327551e-01  -8.0000000e-02
   1.8600000e+00   5.7037812e-02  -1.9169426e-01  -2.2815125e-01   7.6677703e-01  -8.0000000e-02
   1.8900000e+00   6.2762112e-02  -1.8989712e-01  -2.5104845e-01   7.5958849e-01  -8.0000000e-02
   1.9200000e+00   6.8429930e-02  -1.8792909e-01  -2.7371972e-01   7.5171638e-01  -8.0000000e-02
   1.9500000e+00   7.4036166e-02  -1.8579194e-01  -2.9614467e-01   7.4316777e-01  -8.0000000e-02
   1.9800000e+00   7.9575775e-02  -1.8348759e-01  -3.1830310e-01   7.3395036e-01  -8.0000000e-02
   2.0200000e+00   8.6849669e-02  -1.8015864e-01  -3.4739868e-01   7.2063455e-01  -8.0000000e-02
   2.0500000e+00   9.2214538e-02  -1.7747247e-01  -3.6885815e-01   7.0988989e-01  -8.0000000e-02
   2.0800000e+00   9.7496420e-02  -1.7462660e-01  -3.8998568e-01   6.9850638e-01  -8.0000000e-02
   2.1100000e+00   1.0269056e-01  -1.7162357e-01  -4.1076225e-01   6.8649426e-01  -8.0000000e-02
   2.1400000e+00   1.0779229e-01  -1.6846609e-01  -4.3116916e-01   6.7386435e-01  -8.0000000e-02
   2.1700000e+00   1.1279701e-01  -1.6515700e-01  -4.5118805e-01   6.6062799e-01  -8.0000000e-02
   2.2000000e+00   1.1770022e-01  -1.6169928e-01  -4.7080089e-01   6.4679712e-01  -8.0000000e-02
   2.2400000e+00   1.2407232e-01  -1.5686318e-01  -4.9628929e-01   6.2745274e-01  -8.0000000e-02
   2.2700000e+00   1.2872168e-01  -1.5307099e-01  -5.1488674e-01   6.1228396e-01  -8.0000000e-02
   2.3000000e+00   1.3325520e-01  -1.4914104e-01  -5.3302082e-01   5.9656417e-01  -8.0000000e-02
   2.3300000e+00   1.3766880e-01  -1.4507688e-01  -5.5067522e-01   5.8030751e-01  -8.0000000e-02
   2.3600000e+00   1.4195851e-01  -1.4088215e-01  -5.6783405e-01   5.6352861e-01  -8.0000000e-02
   2.3900000e+00   1.4612047e-01  -1.3656064e-01  -5.8448186e-01   5.4624258e-01  -8.0000000e-02
   2.4200000e+00   1.5015092e-01  -1.3211624e-01  -6.0060368e-01   5.2846496e-01  -8.0000000e-02
   2.4600000e+00   1.5531406e-01  -1.2600613e-01  -6.2125623e-01   5.0402450e-01  -8.0000000e-02
   2.4900000e+00   1.5902379e-01  -1.2129070e-01  -6.3609515e-01   4.8516282e-01  -8.0000000e-02
   2.5200000e+00   1.6259041e-01  -1.1646613e-01  -6.5036163e-01   4.6586452e-01  -8.0000000e-02
   2.5500000e+00   1.6601071e-01  -1.1153674e-01  -6.6404283e-01   4.4614697e-01  -8.0000000e-02
   2.5800000e+00   1.6928161e-01  -1.0650698e-01  -6.7712643e-01   4.2602793e-01  -8.0000000e-02
   2.6100000e+00   1.7240017e-01  -1.0138137e-01  -6.8960067e-01   4.0552548e-01  -8.0000000e-02
   2.6400000e+00   1.7536358e-01  -9.6164523e-02  -7.0145431e-01   3.8465809e-01  -8.0000000e-02
   2.6800000e+00   1.7906886e-01  -8.9074929e-02  -7.1627544e-01   3.5629972e-01  -8.0000000e-02
   2.7100000e+00   1.8166013e-01  -8.3663588e-02  -7.2664053e-01   3.3465435e-01  -8.0000000e-02
   2.7400000e+00   1.8408792e-01  -7.8176956e-02  -7.3635169e-01   3.1270782e-01  -8.0000000e-02
   2.7700000e+00   1.8635005e-01  -7.2619969e-02  -7.4540019e-01   2.9047988e-01  -8.0000000e-02
   2.8000000e+00   1.8844447e-01  -6.6997630e-02  -7.5377787e-01   2.6799052e-01  -8.0000000e-02
   2.8300000e+00   1.9036930e-01  -6.1314997e-02  -7.6147721e-01   2.4525999e-01  -8.0000000e-02
   2.8600000e+00   1.9212282e-01  -5.5577185e-02  -7.6849126e-01   2.2230874e-01  -8.0000000e-02
   2.9000000e+00   1.9419163e-01  -4.7849866e-02  -7.7676653e-01   1.9139946e-01  -8.0000000e-02
   2.9300000e+00   1.9553953e-01  -4.2003460e-02  -7.8215814e-01   1.6801384e-01  -8.0000000e-02
   2.9600000e+00   1.9671146e-01  -3.6119253e-02  -7.8684585e-01   1.4447701e-01  -8.0000000e-02
   2.9900000e+00   1.9770636e-01  -3.0202542e-02  -7.9082546e-01   1.2081017e-01  -8.0000000e-02
   3.0200000e+00   1.9852334e-01  -2.4258651e-02  -7.9409337e-01   9.7034603e-02  -8.0000000e-02
   3.0500000e+00   1.9916166e-01  -1.8292928e-02  -7.9664666e-01   7.3171713e-02  -8.0000000e-02
   3.0800000e+00   1.9962075e-01  -1.2310743e-02  -7.9848302e-01   4.9242973e-02  -8.0000000e-02
   3.1200000e+00   1.9995338e-01  -4.3181950e-03  -7.9981351e-01   1.7272780e-02  -8.0000000e-02
   3.1500000e+00   1.9999293e-01   1.6814496e-03  -7.9997173e-01  -6.7257985e-03  -8.0000000e-02
   3.1800000e+00   1.9985251e-01   7.6795810e-03  -7.9941002e-01  -3.0718324e-02  -8.0000000e-02
   3.2100000e+00   1.9953223e-01   1.3670801e-02  -7.9812890e-01  -5.4683205e-02  -8.0000000e-02
   3.2400000e+00   1.9903238e-01   1.9649719e-02  -7.9612952e-01  -7.8598876e-02  -8.0000000e-02
   3.2700000e+00   1.9835342e-01   2.5610953e-02  -7.9341368e-01  -1.0244381e-01  -8.0000000e-02
   3.3000000e+00   1.9749595e-01   3.1549139e-02  -7.8998382e-01  -1.2619656e-01  -8.0000000e-02
   3.3400000e+00   1.9607635e-01   3.9421635e-02  -7.8430540e-01  -1.5768654e-01  -8.0000000e-02
   3.3700000e+00   1.9480565e-01   4.5285305e-02  -7.7922260e-01  -1.8114122e-01  -8.0000000e-02
   3.4000000e+00   1.9335964e-01   5.1108221e-02  -7.7343855e-01  -2.0443288e-01  -8.0000000e-02
   3.4300000e+00   1.9173962e-01   5.6885143e-02  -7.6695847e-01  -2.2754057e-01  -8.0000000e-02
   3.4600000e+00   1.8994704e-01   6.2610872e-02  -7.5978817e-01  -2.5044349e-01  -8.0000000e-02
   3.4900000e+00   1.8798353e-01   6.8280256e-02  -7.5193411e-01  -2.7312102e-01  -8.0000000e-02
   3.5200000e+00   1.8585084e-01   7.3888192e-02  -7.4340336e-01  -2.9555277e-01  -8.0000000e-02
   3.5500000e+00   1.8355090e-01   7.9429634e-02  -7.3420360e-01  -3.1771853e-01  -8.0000000e-02
   3.5900000e+00   1.8022774e-01   8.6706177e-02  -7.2091097e-01  -3.4682471e-01  -8.0000000e-02
   3.6200000e+00   1.7754585e-01   9.2073183e-02  -7.1018340e-01  -3.6829273e-01  -8.0000000e-02
   3.6500000e+00   1.7470418e-01   9.7357330e-02  -6.9881672e-01  -3.8942932e-01  -8.0000000e-02
   3.6800000e+00   1.7170529e-01   1.0255386e-01  -6.8682115e-01  -4.1021545e-01  -8.0000000e-02
   3.7100000e+00   1.6855187e-01   1.0765810e-01  -6.7420748e-01  -4.3063241e-01  -8.0000000e-02
   3.7400000e+00   1.6524677e-01   1.1266546e-01  -6.6098708e-01  -4.5066183e-01  -8.0000000e-02
   3.7700000e+00   1.6179296e-01   1.1757142e-01  -6.4717183e-01  -4.7028568e-01  -8.0000000e-02
   3.8100000e+00   1.5696194e-01   1.2394737e-01  -6.2784775e-01  -4.9578948e-01  -8.0000000e-02
   3.8400000e+00   1.5317345e-01   1.2859975e-01  -6.1269379e-01  -5.1439899e-01  -8.0000000e-02
   3.8700000e+00   1.4924711e-01   1.3313640e-01  -5.9698844e-01  -5.3254559e-01  -8.0000000e-02
   3.9000000e+00   1.4518646e-01   1.3755323e-01  -5.8074584e-01  -5.5021293e-01  -8.0000000e-02
   3.9300000e+00   1.4099515e-01   1.4184628e-01  -5.6398061e-01  -5.6738511e-01  -8.0000000e-02
   3.9600000e+00   1.3667696e-01   1.4601167e-01  -5.4670784e-01  -5.8404669e-01  -8.0000000e-02
   3.9900000e+00   1.3223577e-01   1.5004567e-01  -5.2894307e-01  -6.0018266e-01  -8.0000000e-02
   4.0300000e+00   1.2612977e-01   1.5521367e-01  -5.0451907e-01  -6.2085466e-01  -8.0000000e-02
   4.0600000e+00   1.2141730e-01   1.5892715e-01  -4.8566920e-01  -6.3570860e-01  -8.0000000e-02
   4.0900000e+00   1.1659557e-01   1.6249761e-01  -4.6638227e-01  -6.4999044e-01  -8.0000000e-02
   4.1200000e+00   1.1166891e-01   1.6592183e-01  -4.4667563e-01  -6.6368734e-01  -8.0000000e-02
   4.1500000e+00   1.0664175e-01   1.6919674e-01  -4.2656700e-01  -6.7678696e-01  -8.0000000e-02
   4.1800000e+00   1.0151862e-01   1.7231938e-01  -4.0607450e-01  -6.8927752e-01  -8.0000000e-02
   4.2100000e+00   9.6304139e-02   1.7528694e-01  -3.8521656e-01  -7.0114778e-01  -8.0000000e-02
   4.2500000e+00   8.9217498e-02   1.7899787e-01  -3.5686999e-01  -7.1599149e-01  -8.0000000e-02
   4.2800000e+00   8.3808222e-02   1.8159345e-01  -3.3523289e-01  -7.2637381e-01  -8.0000000e-02
   4.3100000e+00   7.8323525e-02   1.8402561e-01  -3.1329410e-01  -7.3610244e-01  -8.0000000e-02
   4.3400000e+00   7.2768342e-02   1.8629216e-01  -2.9107337e-01  -7.4516864e-01  -8.0000000e-02
   4.3700000e+00   6.7147672e-02   1.8839106e-01  -2.6859069e-01  -7.5356423e-01  -8.0000000e-02
   4.4000000e+00   6.1466574e-02   1.9032041e-01  -2.4586629e-01  -7.6128166e-01  -8.0000000e-02
   4.4300000e+00   5.5730160e-02   1.9207850e-01  -2.2292064e-01  -7.6831399e-01  -8.0000000e-02
   4.4700000e+00   4.8004490e-02   1.9415347e-01  -1.9201796e-01  -7.7661387e-01  -8.0000000e-02
   4.5000000e+00   4.2159160e-02   1.9550602e-01  -1.6863664e-01  -7.8202409e-01  -8.0000000e-02
   4.5300000e+00   3.6275888e-02   1.9668264e-01  -1.4510355e-01  -7.8673055e-01  -8.0000000e-02
   4.5600000e+00   3.0359971e-02   1.9768225e-01  -1.2143989e-01  -7.9072900e-01  -8.0000000e-02
   4.5900000e+00   2.4416732e-02   1.9850396e-01  -9.7666930e-02  -7.9401585e-01  -8.0000000e-02
   4.6200000e+00   1.8451520e-02   1.9914703e-01  -7.3806080e-02  -7.9658814e-01  -8.0000000e-02
   4.6500000e+00   1.2469703e-02   1.9961089e-01  -4.9878811e-02  -7.9844355e-01  -8.0000000e-02
   4.6900000e+00   4.4774217e-03   1.9994988e-01  -1.7909687e-02  -7.9979950e-01  -8.0000000e-02
   4.7200000e+00  -1.5221895e-03   1.9999421e-01   6.0887581e-03  -7.9997683e-01  -8.0000000e-02
   4.7500000e+00  -7.5204309e-03   1.9985856e-01   3.0081723e-02  -7.9943423e-01  -8.0000000e-02
   4.7800000e+00  -1.3511904e-02   1.9954305e-01   5.4047617e-02  -7.9817220e-01  -8.0000000e-02
   4.8100000e+00  -1.9491218e-02   1.9904797e-01   7.7964872e-02  -7.9619186e-01  -8.0000000e-02
   4.8400000e+00  -2.5452991e-02   1.9837375e-01   1.0181196e-01  -7.9349501e-01  -8.0000000e-02
   4.8700000e+00  -3.1391858e-02   1.9752101e-01   1.2556743e-01  -7.9008406e-01  -8.0000000e-02
   4.9100000e+00  -3.9265482e-02   1.9610768e-01   1.5706193e-01  -7.8443072e-01  -8.0000000e-02
   4.9400000e+00  -4.5130161e-02   1.9484165e-01   1.8052065e-01  -7.7936660e-01  -8.0000000e-02
   4.9700000e+00  -5.0954227e-02   1.9340028e-01   2.0381691e-01  -7.7360110e-01  -8.0000000e-02
   5.0000000e+00  -5.6732437e-02   1.9178485e-01   2.2692975e-01  -7.6713942e-01  -8.0000000e-02
   5.0300000e+00  -6.2459592e-02   1.8999684e-01   2.4983837e-01  -7.5998736e-01  -8.0000000e-02
   5.0600000e+00  -6.8130538e-02   1.8803784e-01   2.7252215e-01  -7.5215137e-01  -8.0000000e-02
   5.0900000e+00  -7.3740171e-02   1.8590962e-01   2.9496068e-01  -7.4363848e-01  -8.0000000e-02
   5.1300000e+00  -8.1115588e-02   1.8281209e-01   3.2446235e-01  -7.3124837e-01  -8.0000000e-02
   5.1600000e+00  -8.6562629e-02   1.8029673e-01   3.4625052e-01  -7.2118692e-01  -8.0000000e-02
   5.1900000e+00  -9.1931770e-02   1.7761911e-01   3.6772708e-01  -7.1047646e-01  -8.0000000e-02
   5.2200000e+00  -9.7218178e-02   1.7478165e-01   3.8887271e-01  -6.9912661e-01  -8.0000000e-02
   5.2500000e+00  -1.0241710e-01   1.7178690e-01   4.0966838e-01  -6.8714759e-01  -8.0000000e-02
   5.2800000e+00  -1.0752385e-01   1.6863755e-01   4.3009538e-01  -6.7455019e-01  -8.0000000e-02
   5.3100000e+00  -1.1253383e-01   1.6533644e-01   4.5013532e-01  -6.6134574e-01  -8.0000000e-02
   5.3500000e+00  -1.1905551e-01   1.6070403e-01   4.7622204e-01  -6.4281612e-01  -8.0000000e-02
   5.3800000e+00  -1.2382234e-01   1.5706059e-01   4.9528935e-01  -6.2824236e-01  -8.0000000e-02
   5.4100000e+00  -1.2847773e-01   1.5327581e-01   5.1391093e-01  -6.1310322e-01  -8.0000000e-02
   5.4400000e+00  -1.3301751e-01   1.4935308e-01   5.3207002e-01  -5.9741233e-01  -8.0000000e-02
   5.4700000e+00  -1.3743757e-01   1.4529595e-01   5.4975029e-01  -5.8118381e-01  -8.0000000e-02
   5.5000000e+00  -1.4173396e-01   1.4110806e-01   5.6693582e-01  -5.6443226e-01  -8.0000000e-02
   5.5300000e+00  -1.4590279e-01   1.3679319e-01   5.8361115e-01  -5.4717276e-01  -8.0000000e-02
   5.5700000e+00  -1.5125635e-01   1.3084921e-01   6.0502539e-01  -5.2339686e-01  -8.0000000e-02
   5.6000000e+00  -1.5511318e-01   1.2625333e-01   6.2045270e-01  -5.0501331e-01  -8.0000000e-02
   5.6300000e+00  -1.5883041e-01   1.2154382e-01   6.3532165e-01  -4.8617528e-01  -8.0000000e-02
   5.6600000e+00  -1.6240471e-01   1.1672493e-01   6.4961885e-01  -4.6689973e-01  -8.0000000e-02
   5.6900000e+00  -1.6583286e-01   1.1180100e-01   6.6333143e-01  -4.4720400e-01  -8.0000000e-02
   5.7200000e+00  -1.6911177e-01   1.0677645e-01   6.7644706e-01  -4.2710581e-01  -8.0000000e-02
   5.7500000e+00  -1.7223848e-01   1.0165582e-01   6.8895393e-01  -4.0662326e-01  -8.0000000e-02
   5.7900000e+00  -1.7616586e-01   9.4686799e-02   7.0466344e-01  -3.7874720e-01  -8.0000000e-02
   5.8200000e+00  -1.7892677e-01   8.9360010e-02   7.1570707e-01  -3.5744004e-01  -8.0000000e-02
   5.8500000e+00  -1.8152666e-01   8.3952803e-02   7.2610662e-01  -3.3581121e-01  -8.0000000e-02
   5.8800000e+00  -1.8396318e-01   7.8470045e-02   7.3585273e-01  -3.1388018e-01  -8.0000000e-02
   5.9100000e+00  -1.8623415e-01   7.2916668e-02   7.4493661e-01  -2.9166667e-01  -8.0000000e-02
   5.9400000e+00  -1.8833753e-01   6.7297671e-02   7.5335010e-01  -2.6919069e-01  -8.0000000e-02
   5.9700000e+00  -1.9027141e-01   6.1618111e-02   7.6108563e-01  -2.4647245e-01  -8.0000000e-02
   6.0100000e+00  -1.9258328e-01   5.3959997e-02   7.7033311e-01  -2.1583999e-01  -8.0000000e-02
   6.0400000e+00  -1.9411518e-01   4.8159085e-02   7.7646071e-01  -1.9263634e-01  -8.0000000e-02
   6.0700000e+00  -1.9547239e-01   4.2314833e-02   7.8188956e-01  -1.6925933e-01  -8.0000000e-02
   6.1000000e+00  -1.9665369e-01   3.6432501e-02   7.8661475e-01  -1.4573000e-01  -8.0000000e-02
   6.1300000e+00  -1.9765801e-01   3.0517381e-02   7.9063205e-01  -1.2206953e-01  -8.0000000e-02
   6.1600000e+00  -1.9848446e-01   2.4574799e-02   7.9393782e-01  -9.8299195e-02  -8.0000000e-02
   6.1900000e+00  -1.9913228e-01   1.8610100e-02   7.9652911e-01  -7.4440401e-02  -8.0000000e-02
   6.2300000e+00  -1.9971720e-01   1.0632047e-02   7.9886880e-01  -4.2528188e-02  -8.0000000e-02
   6.2600000e+00  -1.9994625e-01   4.6366457e-03   7.9978499e-01  -1.8546583e-02  -8.0000000e-02
   6.2900000e+00  -1.9999536e-01  -1.3629283e-03   7.9998142e-01   5.4517133e-03  -8.0000000e-02
   6.3200000e+00  -1.9986448e-01  -7.3612758e-03   7.9945793e-01   2.9445103e-02  -8.0000000e-02
   6.3500000e+00  -1.9955375e-01  -1.3352999e-02   7.9821498e-01   5.3411994e-02  -8.0000000e-02
   6.3800000e+00  -1.9906342e-01  -1.9332705e-02   7.9625369e-01   7.7330819e-02  -8.0000000e-02
   6.4100000e+00  -1.9839396e-01  -2.5295013e-02   7.9357583e-01   1.0118005e-01  -8.0000000e-02
   6.4500000e+00  -1.9722373e-01  -3.3208421e-02   7.8889493e-01   1.3283369e-01  -8.0000000e-02
   6.4800000e+00  -1.9613889e-01  -3.9109303e-02   7.8455554e-01   1.5643721e-01  -8.0000000e-02
   6.5100000e+00  -1.9487753e-01  -4.4974989e-02   7.7951011e-01   1.7989996e-01  -8.0000000e-02
   6.5400000e+00  -1.9344079e-01  -5.0800201e-02   7.7376316e-01   2.0320080e-01  -8.0000000e-02
   6.5700000e+00  -1.9182997e-01  -5.6579696e-02   7.6731989e-01   2.2631878e-01  -8.0000000e-02
   6.6000000e+00  -1.9004652e-01  -6.2308273e-02   7.6018607e-01   2.4923309e-01  -8.0000000e-02
   6.6300000e+00  -1.8809204e-01  -6.7980777e-02   7.5236814e-01   2.7192311e-01  -8.0000000e-02
   6.6700000e+00  -1.8522308e-01  -7.5448075e-02   7.4089231e-01   3.0179230e-01  -8.0000000e-02
   6.7000000e+00  -1.8287663e-01  -8.0969984e-02   7.3150652e-01   3.2387994e-01  -8.0000000e-02
   6.7300000e+00  -1.8036561e-01  -8.6419027e-02   7.2146242e-01   3.4567611e-01  -8.0000000e-02
   6.7600000e+00  -1.7769227e-01  -9.1790298e-02   7.1076906e-01   3.6716119e-01  -8.0000000e-02
   6.7900000e+00  -1.7485901e-01  -9.7078963e-02   6.9943606e-01   3.8831585e-01  -8.0000000e-02
   6.8200000e+00  -1.7186840e-01  -1.0228026e-01   6.8747361e-01   4.0912106e-01  -8.0000000e-02
   6.8500000e+00  -1.6872312e-01  -1.0738952e-01   6.7489248e-01   4.2955808e-01  -8.0000000e-02
   6.8900000e+00  -1.6429372e-01  -1.1405075e-01   6.5717489e-01   4.5620298e-01  -8.0000000e-02
   6.9200000e+00  -1.6079879e-01  -1.1892750e-01   6.4319515e-01   4.7571000e-01  -8.0000000e-02
   6.9500000e+00  -1.5715914e-01  -1.2369723e-01   6.2863657e-01   4.9478890e-01  -8.0000000e-02
   6.9800000e+00  -1.5337807e-01  -1.2835563e-01   6.1351227e-01   5.1342253e-01  -8.0000000e-02
   7.0100000e+00  -1.4945896e-01  -1.3289853e-01   5.9783584e-01   5.3159412e-01  -8.0000000e-02
   7.0400000e+00  -1.4540535e-01  -1.3732183e-01   5.8162140e-01   5.4928730e-01  -8.0000000e-02
   7.0700000e+00  -1.4122089e-01  -1.4162154e-01   5.6488355e-01   5.6648617e-01  -8.0000000e-02
   7.1000000e+00  -1.3690933e-01  -1.4579381e-01   5.4763733e-01   5.8317523e-01  -8.0000000e-02
   7.1400000e+00  -1.3096962e-01  -1.5115210e-01   5.2387849e-01   6.0460841e-01  -8.0000000e-02
   7.1700000e+00  -1.2637681e-01  -1.5501259e-01   5.0550723e-01   6.2005035e-01  -8.0000000e-02
   7.2000000e+00  -1.2167026e-01  -1.5873357e-01   4.8668105e-01   6.3493429e-01  -8.0000000e-02
   7.2300000e+00  -1.1685422e-01  -1.6231171e-01   4.6741689e-01   6.4924683e-01  -8.0000000e-02
   7.2600000e+00  -1.1193302e-01  -1.6574377e-01   4.4773208e-01   6.6297510e-01  -8.0000000e-02
   7.2900000e+00  -1.0691109e-01  -1.6902668e-01   4.2764435e-01   6.7610673e-01  -8.0000000e-02
   7.3200000e+00  -1.0179294e-01  -1.7215748e-01   4.0717176e-01   6.8862991e-01  -8.0000000e-02
   7.3600000e+00  -9.4827055e-02  -1.7609040e-01   3.7930822e-01   7.0436161e-01  -8.0000000e-02
   7.3900000e+00  -8.9502466e-02  -1.7885555e-01   3.5800986e-01   7.1542221e-01  -8.0000000e-02
   7.4200000e+00  -8.4097331e-02  -1.8145974e-01   3.3638932e-01   7.2583898e-01  -8.0000000e-02
   7.4500000e+00  -7.8616514e-02  -1.8390064e-01   3.1446606e-01   7.3560254e-01  -8.0000000e-02
   7.4800000e+00  -7.3064948e-02  -1.8617603e-01   2.9225979e-01   7.4470411e-01  -8.0000000e-02
   7.5100000e+00  -6.7447628e-02  -1.8828387e-01   2.6979051e-01   7.5313550e-01  -8.0000000e-02
   7.5400000e+00  -6.1769610e-02  -1.9022228e-01   2.4707844e-01   7.6088911e-01  -8.0000000e-02
   7.5800000e+00  -5.4113339e-02  -1.9254025e-01   2.1645335e-01   7.7016099e-01  -8.0000000e-02
   7.6100000e+00  -4.8313649e-02  -1.9407677e-01   1.9325459e-01   7.7630707e-01  -8.0000000e-02
   7.6400000e+00  -4.2470479e-02  -1.9543863e-01   1.6988192e-01   7.8175452e-01  -8.0000000e-02
   7.6700000e+00  -3.6589090e-02  -1.9662461e-01   1.4635636e-01   7.8649845e-01  -8.0000000e-02
   7.7000000e+00  -3.0674772e-02  -1.9763365e-01   1.2269909e-01   7.9053459e-01  -8.0000000e-02
   7.7300000e+00  -2.4732849e-02  -1.9846482e-01   9.8931398e-02   7.9385929e-01  -8.0000000e-02
   7.7600000e+00  -1.8768669e-02  -1.9911740e-01   7.5074675e-02   7.9646958e-01  -8.0000000e-02
   7.8000000e+00  -1.0791084e-02  -1.9970867e-01   4.3164335e-02   7.9883468e-01  -8.0000000e-02
   7.8300000e+00  -4.7958667e-03  -1.9994249e-01   1.9183467e-02   7.9976996e-01  -8.0000000e-02
   7.8600000e+00   1.2036663e-03  -1.9999638e-01  -4.8146650e-03   7.9998551e-01  -8.0000000e-02
   7.8900000e+00   7.2021160e-03  -1.9987028e-01  -2.8808464e-02   7.9948113e-01  -8.0000000e-02
   7.9200000e+00   1.3194084e-02  -1.9956432e-01  -5.2776338e-02   7.9825726e-01  -8.0000000e-02
   7.9500000e+00   1.9174179e-02  -1.9907876e-01  -7.6696716e-02   7.9631502e-01  -8.0000000e-02
   7.9800000e+00   2.5137018e-02  -1.9841404e-01  -1.0054807e-01   7.9365615e-01  -8.0000000e-02
   8.0200000e+00   3.3051356e-02  -1.9725011e-01  -1.3220543e-01   7.8900046e-01  -8.0000000e-02
   8.0500000e+00   3.8953100e-02  -1.9616997e-01  -1.5581240e-01   7.8467987e-01  -8.0000000e-02
   8.0800000e+00   4.4819789e-02  -1.9491328e-01  -1.7927916e-01   7.7965312e-01  -8.0000000e-02
   8.1100000e+00   5.0646143e-02  -1.9348118e-01  -2.0258457e-01   7.7392473e-01  -8.0000000e-02
   8.1400000e+00   5.6426919e-02  -1.9187497e-01  -2.2570767e-01   7.6749987e-01  -8.0000000e-02
   8.1700000e+00   6.2156914e-02  -1.9009608e-01  -2.4862766e-01   7.6038430e-01  -8.0000000e-02
   8.2000000e+00   6.7830973e-02  -1.8814611e-01  -2.7132389e-01   7.5258444e-01  -8.0000000e-02
   8.2400000e+00   7.5300553e-02  -1.8528310e-01  -3.0120221e-01   7.4113240e-01  -8.0000000e-02
   8.2700000e+00   8.0824329e-02  -1.8294105e-01  -3.2329732e-01   7.3176420e-01  -8.0000000e-02
   8.3000000e+00   8.6275369e-02  -1.8043437e-01  -3.4510148e-01   7.2173747e-01  -8.0000000e-02
   8.3300000e+00   9.1648767e-02  -1.7776530e-01  -3.6659507e-01   7.1106122e-01  -8.0000000e-02
   8.3600000e+00   9.6939688e-02  -1.7493627e-01  -3.8775875e-01   6.9974506e-01  -8.0000000e-02
   8.3900000e+00   1.0214337e-01  -1.7194980e-01  -4.0857348e-01   6.8779918e-01  -8.0000000e-02
   8.4200000e+00   1.0725513e-01  -1.6880858e-01  -4.2902051e-01   6.7523433e-01  -8.0000000e-02
   8.4600000e+00   1.1391988e-01  -1.6438449e-01  -4.5567951e-01   6.5753797e-01  -8.0000000e-02
   8.4900000e+00   1.1879941e-01  -1.6089344e-01  -4.7519765e-01   6.4357376e-01  -8.0000000e-02
   8.5200000e+00   1.2357204e-01  -1.5725760e-01  -4.9428815e-01   6.2903039e-01  -8.0000000e-02
   8.5500000e+00   1.2823345e-01  -1.5348023e-01  -5.1293381e-01   6.1392092e-01  -8.0000000e-02
   8.5800000e+00   1.3277947e-01  -1.4956474e-01  -5.3111788e-01   5.9825897e-01  -8.0000000e-02
   8.6100000e+00   1.3720599e-01  -1.4551466e-01  -5.4882397e-01   5.8205863e-01  -8.0000000e-02
   8.6400000e+00   1.4150904e-01  -1.4133362e-01  -5.6603616e-01   5.6533448e-01  -8.0000000e-02
   8.6800000e+00   1.4704768e-01  -1.3556171e-01  -5.8819074e-01   5.4224686e-01  -8.0000000e-02
   8.7100000e+00   1.5104776e-01  -1.3108995e-01  -6.0419104e-01   5.2435979e-01  -8.0000000e-02
   8.7400000e+00   1.5491190e-01  -1.2650021e-01  -6.1964761e-01   5.0600083e-01  -8.0000000e-02
   8.7700000e+00   1.5863663e-01  -1.2179663e-01  -6.3454653e-01   4.8718651e-01  -8.0000000e-02
   8.8000000e+00   1.6221860e-01  -1.1698344e-01  -6.4887441e-01   4.6793375e-01  -8.0000000e-02
   8.8300000e+00   1.6565459e-01  -1.1206497e-01  -6.6261835e-01   4.4825989e-01  -8.0000000e-02
   8.8600000e+00   1.6894149e-01  -1.0704565e-01  -6.7576597e-01   4.2818262e-01  -8.0000000e-02
   8.9000000e+00   1.7308704e-01  -1.0020417e-01  -6.9234817e-01   4.0081668e-01  -8.0000000e-02
   8.9300000e+00   1.7601483e-01  -9.4967250e-02  -7.0405933e-01   3.7986900e-01  -8.0000000e-02
   8.9600000e+00   1.7878422e-01  -8.9644865e-02  -7.1513689e-01   3.5857946e-01  -8.0000000e-02
   8.9900000e+00   1.8139272e-01  -8.4241806e-02  -7.2557087e-01   3.3696722e-01  -8.0000000e-02
   9.0200000e+00   1.8383797e-01  -7.8762934e-02  -7.3535189e-01   3.1505174e-01  -8.0000000e-02
   9.0500000e+00   1.8611779e-01  -7.3213182e-02  -7.4447114e-01   2.9285273e-01  -8.0000000e-02
   9.0800000e+00   1.8823010e-01  -6.7597542e-02  -7.5292042e-01   2.7039017e-01  -8.0000000e-02
   9.1200000e+00   1.9078272e-01  -6.0016275e-02  -7.6313089e-01   2.4006510e-01  -8.0000000e-02
   9.1500000e+00   1.9249709e-01  -5.4266646e-02  -7.6998837e-01   2.1706659e-01  -8.0000000e-02
   9.1800000e+00   1.9403823e-01  -4.8468182e-02  -7.7615293e-01   1.9387273e-01  -8.0000000e-02
   9.2100000e+00   1.9540475e-01  -4.2626099e-02  -7.8161899e-01   1.7050439e-01  -8.0000000e-02
   9.2400000e+00   1.9659541e-01  -3.6745655e-02  -7.8638166e-01   1.4698262e-01  -8.0000000e-02
   9.2700000e+00   1.9760916e-01  -3.0832143e-02  -7.9043663e-01   1.2332857e-01  -8.0000000e-02
   9.3000000e+00   1.9844507e-01  -2.4890884e-02  -7.9378026e-01   9.9563537e-02  -8.0000000e-02
   9.3400000e+00   1.9928170e-01  -1.6935288e-02  -7.9712680e-01   6.7741153e-02  -8.0000000e-02
   9.3700000e+00   1.9970001e-01  -1.0950114e-02  -7.9880005e-01   4.3800454e-02  -8.0000000e-02
   9.4000000e+00   1.9993861e-01  -4.9550846e-03  -7.9975443e-01   1.9820338e-02  -8.0000000e-02
   9.4300000e+00   1.9999727e-01   1.0444036e-03  -7.9998909e-01  -4.1776143e-03  -8.0000000e-02
   9.4600000e+00   1.9987595e-01   7.0429519e-03  -7.9950381e-01  -2.8171807e-02  -8.0000000e-02
   9.4900000e+00   1.9957476e-01   1.3035162e-02  -7.9829904e-01  -5.2140648e-02  -8.0000000e-02
   9.5200000e+00   1.9909396e-01   1.9015641e-02  -7.9637584e-01  -7.6062565e-02  -8.0000000e-02
   9.5600000e+00   1.9817428e-01   2.6962066e-02  -7.9269714e-01  -1.0784826e-01  -8.0000000e-02
   9.5900000e+00   1.9727637e-01   3.2894271e-02  -7.8910549e-01  -1.3157708e-01  -8.0000000e-02
   9.6200000e+00   1.9620092e-01   3.8796873e-02  -7.8480370e-01  -1.5518749e-01  -8.0000000e-02
   9.6500000e+00   1.9494891e-01   4.4664560e-02  -7.7979564e-01  -1.7865824e-01  -8.0000000e-02
   9.6800000e+00   1.9352145e-01   5.0492053e-02  -7.7408581e-01  -2.0196821e-01  -8.0000000e-02
   9.7100000e+00   1.9191984e-01   5.6274106e-02  -7.6767936e-01  -2.2509642e-01  -8.0000000e-02
   9.7400000e+00   1.9014551e-01   6.2005516e-02  -7.6058205e-01  -2.4802206e-01  -8.0000000e-02
   9.7800000e+00   1.8751386e-01   6.9559711e-02  -7.5005543e-01  -2.7823884e-01  -8.0000000e-02
   9.8100000e+00   1.8534300e-01   7.5152983e-02  -7.4137202e-01  -3.0061193e-01  -8.0000000e-02
   9.8400000e+00   1.8300535e-01   8.0678623e-02  -7.3202142e-01  -3.2271449e-01  -8.0000000e-02
   9.8700000e+00   1.8050301e-01   8.6131657e-02  -7.2201205e-01  -3.4452663e-01  -8.0000000e-02
   9.9000000e+00   1.7783823e-01   9.1507179e-02  -7.1135292e-01  -3.6602872e-01  -8.0000000e-02
   9.9300000e+00   1.7501341e-01   9.6800351e-02  -7.0005362e-01  -3.8720140e-01  -8.0000000e-02
   9.9600000e+00   1.7203108e-01   1.0200641e-01  -6.8812432e-01  -4.0802563e-01  -8.0000000e-02
   1.0000000e+01   1.6781431e-01   1.0880422e-01  -6.7125722e-01  -4.3521689e-01  -8.0000000e-02
   1.0030000e+01   1.6447516e-01   1.1378894e-01  -6.5790063e-01  -4.5515575e-01  -8.0000000e-02
   1.0060000e+01   1.6098799e-01   1.1867125e-01  -6.4395197e-01  -4.7468501e-01  -8.0000000e-02
   1.0090000e+01   1.5735595e-01   1.2344677e-01  -6.2942380e-01  -4.9378708e-01  -8.0000000e-02
   1.0120000e+01   1.5358230e-01   1.2811119e-01  -6.1432919e-01  -5.1244477e-01  -8.0000000e-02
   1.0150000e+01   1.4967043e-01   1.3266032e-01  -5.9868173e-01  -5.3064130e-01  -8.0000000e-02
   1.0180000e+01   1.4562387e-01   1.3709007e-01  -5.8249549e-01  -5.4836029e-01  -8.0000000e-02
   1.0220000e+01   1.4002525e-01   1.4280382e-01  -5.6010099e-01  -5.7121526e-01  -8.0000000e-02
   1.0250000e+01   1.3567877e-01   1.4693969e-01  -5.4271508e-01  -5.8775875e-01  -8.0000000e-02
   1.0280000e+01   1.3121019e-01   1.5094332e-01  -5.2484076e-01  -6.0377328e-01  -8.0000000e-02
   1.0310000e+01   1.2662353e-01   1.5481112e-01  -5.0649412e-01  -6.1924447e-01  -8.0000000e-02
   1.0340000e+01   1.2192292e-01   1.5853959e-01  -4.8769166e-01  -6.3415837e-01  -8.0000000e-02
   1.0370000e+01   1.1711258e-01   1.6212539e-01  -4.6845032e-01  -6.4850158e-01  -8.0000000e-02
   1.0400000e+01   1.1219685e-01   1.6556529e-01  -4.4878740e-01  -6.6226118e-01  -8.0000000e-02
   1.0440000e+01   1.0548626e-01   1.6991954e-01  -4.2194504e-01  -6.7967815e-01  -8.0000000e-02
   1.0470000e+01   1.0034197e-01   1.7300719e-01  -4.0136789e-01  -6.9202877e-01  -8.0000000e-02
   1.0500000e+01   9.5107385e-02   1.7593915e-01  -3.8042954e-01  -7.0375661e-01  -8.0000000e-02
   1.0530000e+01   8.9787207e-02   1.7871278e-01  -3.5914883e-01  -7.1485112e-01  -8.0000000e-02
   1.0560000e+01   8.4386227e-02   1.8132558e-01  -3.3754491e-01  -7.2530231e-01  -8.0000000e-02
   1.0590000e+01   7.8909304e-02   1.8377519e-01  -3.1563722e-01  -7.3510077e-01  -8.0000000e-02
   1.0620000e+01   7.3361369e-02   1.8605942e-01  -2.9344548e-01  -7.4423770e-01  -8.0000000e-02
   1.0650000e+01   6.7747413e-02   1.8817622e-01  -2.7098965e-01  -7.5270486e-01  -8.0000000e-02
   1.0690000e+01   6.0168181e-02   1.9073487e-01  -2.4067272e-01  -7.6293947e-01  -8.0000000e-02
   1.0720000e+01   5.4419920e-02   1.9245382e-01  -2.1767968e-01  -7.6981527e-01  -8.0000000e-02
   1.0750000e+01   4.8622684e-02   1.9399957e-01  -1.9449074e-01  -7.7599829e-01  -8.0000000e-02
   1.0780000e+01   4.2781691e-02   1.9537074e-01  -1.7112676e-01  -7.8148297e-01  -8.0000000e-02
   1.0810000e+01   3.6902198e-02   1.9656609e-01  -1.4760879e-01  -7.8626436e-01  -8.0000000e-02
   1.0840000e+01   3.0989495e-02   1.9758454e-01  -1.2395798e-01  -7.9033817e-01  -8.0000000e-02
   1.0870000e+01   2.5048903e-02   1.9842518e-01  -1.0019561e-01  -7.9370072e-01  -8.0000000e-02
   1.0910000e+01   1.7093976e-02   1.9926815e-01  -6.8375904e-02  -7.9707260e-01  -8.0000000e-02
   1.0940000e+01   1.1109136e-02   1.9969123e-01  -4.4436546e-02  -7.9876492e-01  -8.0000000e-02
   1.0970000e+01   5.1142994e-03   1.9993460e-01  -2.0457197e-02  -7.9973840e-01  -8.0000000e-02
   1.1000000e+01  -8.8514021e-04   1.9999804e-01   3.5405609e-03  -7.9999217e-01  -8.0000000e-02
   1.1030000e+01  -6.8837832e-03   1.9988150e-01   2.7535133e-02  -7.9952599e-01  -8.0000000e-02
   1.1060000e+01  -1.2876231e-02   1.9958508e-01   5.1504925e-02  -7.9834030e-01  -8.0000000e-02
   1.1090000e+01  -1.8857092e-02   1.9910904e-01   7.5428366e-02  -7.9643616e-01  -8.0000000e-02
   1.1130000e+01  -2.6804246e-02   1.9819569e-01   1.0721698e-01  -7.9278277e-01  -8.0000000e-02
   1.1160000e+01  -3.2737164e-02   1.9730250e-01   1.3094866e-01  -7.8921002e-01  -8.0000000e-02
   1.1190000e+01  -3.8640621e-02   1.9623176e-01   1.5456248e-01  -7.8492703e-01  -8.0000000e-02
   1.1220000e+01  -4.4509303e-02   1.9498441e-01   1.7803721e-01  -7.7993766e-01  -8.0000000e-02
   1.1250000e+01  -5.0337931e-02   1.9356160e-01   2.0135172e-01  -7.7424640e-01  -8.0000000e-02
   1.1280000e+01  -5.6121257e-02   1.9196459e-01   2.2448503e-01  -7.6785837e-01  -8.0000000e-02
   1.1310000e+01  -6.1854079e-02   1.9019483e-01   2.4741631e-01  -7.6077932e-01  -8.0000000e-02
   1.1350000e+01  -6.9410366e-02   1.8756919e-01   2.7764147e-01  -7.5027676e-01  -8.0000000e-02
   1.1380000e+01  -7.5005366e-02   1.8540279e-01   3.0002146e-01  -7.4161117e-01  -8.0000000e-02
   1.1410000e+01  -8.0532865e-02   1.8306954e-01   3.2213146e-01  -7.3227817e-01  -8.0000000e-02
   1.1440000e+01  -8.5987891e-02   1.8057154e-01   3.4395156e-01  -7.2228618e-01  -8.0000000e-02
   1.1470000e+01  -9.1365533e-02   1.7791104e-01   3.6546213e-01  -7.1164417e-01  -8.0000000e-02
   1.1500000e+01  -9.6660952e-02   1.7509043e-01   3.8664381e-01  -7.0036174e-01  -8.0000000e-02
   1.1530000e+01  -1.0186938e-01   1.7211226e-01   4.0747753e-01  -6.8844902e-01  -8.0000000e-02
   1.1570000e+01  -1.0867055e-01   1.6790090e-01   4.3468221e-01  -6.7160358e-01  -8.0000000e-02
   1.1600000e+01  -1.1365793e-01   1.6456572e-01   4.5463171e-01  -6.5826287e-01  -8.0000000e-02
   1.1630000e+01  -1.1854302e-01   1.6108244e-01   4.7417206e-01  -6.4432977e-01  -8.0000000e-02
   1.1660000e+01  -1.2332142e-01   1.5745420e-01   4.9328569e-01  -6.2981682e-01  -8.0000000e-02
   1.1690000e+01  -1.2798885e-01   1.5368427e-01   5.1195540e-01  -6.1473707e-01  -8.0000000e-02
   1.1720000e+01  -1.3254110e-01   1.4977603e-01   5.3016439e-01  -5.9910410e-01  -8.0000000e-02
   1.1750000e+01  -1.3697406e-01   1.4573299e-01   5.4789626e-01  -5.8293198e-01  -8.0000000e-02
   1.1790000e+01  -1.4269226e-01   1.4013892e-01   5.7076906e-01  -5.6055569e-01  -8.0000000e-02
   1.1820000e+01  -1.4683160e-01   1.3579574e-01   5.8732638e-01  -5.4318295e-01  -8.0000000e-02
   1.1850000e+01  -1.5083879e-01   1.3133035e-01   6.0335515e-01  -5.2532139e-01  -8.0000000e-02
   1.1880000e+01  -1.5471023e-01   1.2674677e-01   6.1884094e-01  -5.0698708e-01  -8.0000000e-02
   1.1910000e+01  -1.5844245e-01   1.2204913e-01   6.3376981e-01  -4.8819650e-01  -8.0000000e-02
   1.1940000e+01  -1.6203208e-01   1.1724165e-01   6.4812833e-01  -4.6896659e-01  -8.0000000e-02
   1.1970000e+01  -1.6547590e-01   1.1232866e-01   6.6190359e-01  -4.4931464e-01  -8.0000000e-02
   1.2010000e+01  -1.6983548e-01   1.0562154e-01   6.7934193e-01  -4.2248615e-01  -8.0000000e-02
   1.2040000e+01  -1.7292723e-01   1.0047971e-01   6.9170893e-01  -4.0191884e-01  -8.0000000e-02
   1.2070000e+01  -1.7586336e-01   9.5247460e-02   7.0345344e-01  -3.8098984e-01  -8.0000000e-02
   1.2100000e+01  -1.7864122e-01   8.9929492e-02   7.1456489e-01  -3.5971797e-01  -8.0000000e-02
   1.2130000e+01  -1.8125832e-01   8.4530594e-02   7.2503328e-01  -3.3812238e-01  -8.0000000e-02
   1.2160000e+01  -1.8371230e-01   7.9055624e-02   7.3484919e-01  -3.1622250e-01  -8.0000000e-02
   1.2190000e+01  -1.8600095e-01   7.3509510e-02   7.4400378e-01  -2.9403804e-01  -8.0000000e-02
   1.2230000e+01  -1.8879176e-01   6.6012656e-02   7.5516705e-01  -2.6405062e-01  -8.0000000e-02
   1.2260000e+01  -1.9068689e-01   6.0320049e-02   7.6274758e-01  -2.4128020e-01  -8.0000000e-02
   1.2290000e+01  -1.9241042e-01   5.4573158e-02   7.6964169e-01  -2.1829263e-01  -8.0000000e-02
   1.2320000e+01  -1.9396079e-01   4.8777156e-02   7.7584317e-01  -1.9510862e-01  -8.0000000e-02
   1.2350000e+01  -1.9533661e-01   4.2937256e-02   7.8134645e-01  -1.7174903e-01  -8.0000000e-02
   1.2380000e+01  -1.9653664e-01   3.7058717e-02   7.8614657e-01  -1.4823487e-01  -8.0000000e-02
   1.2410000e+01  -1.9755980e-01   3.1146827e-02   7.9023921e-01  -1.2458731e-01  -8.0000000e-02
   1.2450000e+01  -1.9864732e-01   2.3221628e-02   7.9458926e-01  -9.2886511e-02  -8.0000000e-02
   1.2480000e+01  -1.9925448e-01   1.7252653e-02   7.9701790e-01  -6.9010612e-02  -8.0000000e-02
   1.2510000e+01  -1.9968232e-01   1.1268152e-02   7.9872928e-01  -4.5072609e-02  -8.0000000e-02
   1.2540000e+01  -1.9993046e-01   5.2735110e-03   7.9972185e-01  -2.1094044e-02  -8.0000000e-02
   1.2570000e+01  -1.9999868e-01  -7.2587618e-04   7.9999473e-01   2.9035047e-03  -8.0000000e-02
   1.2600000e+01  -1.9988692e-01  -6.7246101e-03   7.9954767e-01   2.6898440e-02  -8.0000000e-02
   1.2630000e+01  -1.9959527e-01  -1.2717292e-02   7.9838107e-01   5.0869169e-02  -8.0000000e-02
   1.2670000e+01  -1.9892706e-01  -2.0688802e-02   7.9570822e-01   8.2755207e-02  -8.0000000e-02
   1.2700000e+01  -1.9821697e-01  -2.6646409e-02   7.9286790e-01   1.0658564e-01  -8.0000000e-02
   1.2730000e+01  -1.9732851e-01  -3.2580036e-02   7.8931404e-01   1.3032014e-01  -8.0000000e-02
   1.2760000e+01  -1.9626247e-01  -3.8484344e-02   7.8504986e-01   1.5393737e-01  -8.0000000e-02
   1.2790000e+01  -1.9501980e-01  -4.4354018e-02   7.8007919e-01   1.7741607e-01  -8.0000000e-02
   1.2820000e+01  -1.9360162e-01  -5.0183776e-02   7.7440649e-01   2.0073511e-01  -8.0000000e-02
   1.2850000e+01  -1.9200922e-01  -5.5968373e-02   7.6803689e-01   2.2387349e-01  -8.0000000e-02
   1.2890000e+01  -1.8961750e-01  -6.3601925e-02   7.5846999e-01   2.5440770e-01  -8.0000000e-02
   1.2920000e+01  -1.8762440e-01  -6.9260978e-02   7.5049762e-01   2.7704391e-01  -8.0000000e-02
   1.2950000e+01  -1.8546246e-01  -7.4857701e-02   7.4184985e-01   2.9943080e-01  -8.0000000e-02
   1.2980000e+01  -1.8313362e-01  -8.0387057e-02   7.3253446e-01   3.2154823e-01  -8.0000000e-02
   1.3010000e+01  -1.8063996e-01  -8.5844070e-02   7.2255985e-01   3.4337628e-01  -8.0000000e-02
   1.3040000e+01  -1.7798374e-01  -9.1223829e-02   7.1193498e-01   3.6489531e-01  -8.0000000e-02
   1.3070000e+01  -1.7516735e-01  -9.6521492e-02   7.0066941e-01   3.8608597e-01  -8.0000000e-02
   1.3110000e+01  -1.7116741e-01  -1.0344911e-01   6.8466963e-01   4.1379645e-01  -8.0000000e-02
   1.3140000e+01  -1.6798738e-01  -1.0853681e-01   6.7194952e-01   4.3414726e-01  -8.0000000e-02
   1.3170000e+01  -1.6465618e-01  -1.1352684e-01   6.5862470e-01   4.5410737e-01  -8.0000000e-02
   1.3200000e+01  -1.6117679e-01  -1.1841470e-01   6.4470716e-01   4.7365881e-01  -8.0000000e-02
   1.3230000e+01  -1.5755236e-01  -1.2319600e-01   6.3020944e-01   4.9278400e-01  -8.0000000e-02
   1.3260000e+01  -1.5378614e-01  -1.2786643e-01   6.1514456e-01   5.1146571e-01  -8.0000000e-02
   1.3290000e+01  -1.4988152e-01  -1.3242178e-01   5.9952610e-01   5.2968713e-01  -8.0000000e-02
   1.3330000e+01  -1.4446618e-01  -1.3830952e-01   5.7786470e-01   5.5323809e-01  -8.0000000e-02
   1.3360000e+01  -1.4025251e-01  -1.4258062e-01   5.6101003e-01   5.7032249e-01  -8.0000000e-02
   1.3390000e+01  -1.3591262e-01  -1.4672341e-01   5.4365049e-01   5.8689364e-01  -8.0000000e-02
   1.3420000e+01  -1.3145042e-01  -1.5073416e-01   5.2580169e-01   6.0293663e-01  -8.0000000e-02
   1.3450000e+01  -1.2686993e-01  -1.5460925e-01   5.0747971e-01   6.1843701e-01  -8.0000000e-02
   1.3480000e+01  -1.2217526e-01  -1.5834521e-01   4.8870104e-01   6.3338085e-01  -8.0000000e-02
   1.3510000e+01  -1.1737064e-01  -1.6193867e-01   4.6948256e-01   6.4775468e-01  -8.0000000e-02
   1.3550000e+01  -1.1080094e-01  -1.6650271e-01   4.4320375e-01   6.6601084e-01  -8.0000000e-02
   1.3580000e+01  -1.0575675e-01  -1.6975132e-01   4.2302699e-01   6.7900527e-01  -8.0000000e-02
   1.3610000e+01  -1.0061739e-01  -1.7284716e-01   4.0246954e-01   6.9138865e-01  -8.0000000e-02
   1.3640000e+01  -9.5387474e-02  -1.7578746e-01   3.8154990e-01   7.0314982e-01  -8.0000000e-02
   1.3670000e+01  -9.0071721e-02  -1.7856955e-01   3.6028688e-01   7.1427821e-01  -8.0000000e-02
   1.3700000e+01  -8.4674908e-02  -1.8119095e-01   3.3869963e-01   7.2476379e-01  -8.0000000e-02
   1.3730000e+01  -7.9201894e-02  -1.8364929e-01   3.1680758e-01   7.3459714e-01  -8.0000000e-02
   1.3770000e+01  -7.1794529e-02  -1.8666962e-01   2.8717811e-01   7.4667847e-01  -8.0000000e-02
   1.3800000e+01  -6.6162975e-02  -1.8873913e-01   2.6465190e-01   7.5495654e-01  -8.0000000e-02
   1.3830000e+01  -6.0471879e-02  -1.9063880e-01   2.4188752e-01   7.6255520e-01  -8.0000000e-02
   1.3860000e+01  -5.4726363e-02  -1.9236690e-01   2.1890545e-01   7.6946761e-01  -8.0000000e-02
   1.3890000e+01  -4.8931596e-02  -1.9392189e-01   1.9572638e-01   7.7568755e-01  -8.0000000e-02
   1.3920000e+01  -4.3092795e-02  -1.9530236e-01   1.7237118e-01   7.8120943e-01  -8.0000000e-02
   1.3950000e+01  -3.7215212e-02  -1.9650707e-01   1.4886085e-01   7.8602827e-01  -8.0000000e-02
   1.3990000e+01  -2.9327257e-02  -1.9783810e-01   1.1730903e-01   7.9135238e-01  -8.0000000e-02
   1.4020000e+01  -2.3379808e-02  -1.9862876e-01   9.3519234e-02   7.9451504e-01  -8.0000000e-02
   1.4050000e+01  -1.7411319e-02  -1.9924067e-01   6.9645277e-02   7.9696269e-01  -8.0000000e-02
   1.4080000e+01  -1.1427161e-02  -1.9967328e-01   4.5708644e-02   7.9869313e-01  -8.0000000e-02
   1.4110000e+01  -5.4327192e-03  -1.9992620e-01   2.1730877e-02   7.9970480e-01  -8.0000000e-02
   1.4140000e+01   5.6661168e-04  -1.9999920e-01  -2.2664467e-03   7.9999679e-01  -8.0000000e-02
   1.4170000e+01   6.5654327e-03  -1.9989221e-01  -2.6261731e-02   7.9956883e-01  -8.0000000e-02
   1.4200000e+01   1.2558345e-02  -1.9960533e-01  -5.0233381e-02   7.9842132e-01  -8.0000000e-02
   1.4240000e+01   2.0530384e-02  -1.9894347e-01  -8.2121537e-02   7.9577387e-01  -8.0000000e-02
   1.4270000e+01   2.6488555e-02  -1.9823813e-01  -1.0595422e-01   7.9295252e-01  -8.0000000e-02
   1.4300000e+01   3.2422888e-02  -1.9735439e-01  -1.2969155e-01   7.8941757e-01  -8.0000000e-02
   1.4330000e+01   3.8328042e-02  -1.9629305e-01  -1.5331217e-01   7.8517220e-01  -8.0000000e-02
   1.4360000e+01   4.4198704e-02  -1.9505506e-01  -1.7679482e-01   7.8022022e-01  -8.0000000e-02
   1.4390000e+01   5.0029590e-02  -1.9364152e-01  -2.0011836e-01   7.7456610e-01  -8.0000000e-02
   1.4420000e+01   5.5815453e-02  -1.9205373e-01  -2.2326181e-01   7.6821492e-01  -8.0000000e-02
   1.4460000e+01   6.3450908e-02  -1.8966808e-01  -2.5380363e-01   7.5867234e-01  -8.0000000e-02
   1.4490000e+01   6.9111546e-02  -1.8767950e-01  -2.7644618e-01   7.5071799e-01  -8.0000000e-02
   1.4520000e+01   7.4709988e-02  -1.8552201e-01  -2.9883995e-01   7.4208806e-01  -8.0000000e-02
   1.4550000e+01   8.0241197e-02  -1.8319757e-01  -3.2096479e-01   7.3279029e-01  -8.0000000e-02
   1.4580000e+01   8.5700194e-02  -1.8070826e-01  -3.4280078e-01   7.2283306e-01  -8.0000000e-02
   1.4610000e+01   9.1082067e-02  -1.7805633e-01  -3.6432827e-01   7.1222533e-01  -8.0000000e-02
   1.4640000e+01   9.6381971e-02  -1.7524416e-01  -3.8552789e-01   7.0097664e-01  -8.0000000e-02
   1.4680000e+01   1.0331277e-01  -1.7124973e-01  -4.1325109e-01   6.8499893e-01  -8.0000000e-02
   1.4710000e+01   1.0840301e-01  -1.6807376e-01  -4.3361203e-01   6.7229503e-01  -8.0000000e-02
   1.4740000e+01   1.1339569e-01  -1.6474653e-01  -4.5358275e-01   6.5898611e-01  -8.0000000e-02
   1.4770000e+01   1.1828632e-01  -1.6127104e-01  -4.7314527e-01   6.4508415e-01  -8.0000000e-02
   1.4800000e+01   1.2307050e-01  -1.5765041e-01  -4.9228199e-01   6.3060165e-01  -8.0000000e-02
   1.4830000e+01   1.2774392e-01  -1.5388791e-01  -5.1097569e-01   6.1555166e-01  -8.0000000e-02
   1.4860000e+01   1.3230239e-01  -1.4998693e-01  -5.2920955e-01   5.9994771e-01  -8.0000000e-02
   1.4900000e+01   1.3819444e-01  -1.4457627e-01  -5.5277775e-01   5.7830508e-01  -8.0000000e-02
   1.4930000e+01   1.4246889e-01  -1.4036600e-01  -5.6987557e-01   5.6146401e-01  -8.0000000e-02
   1.4960000e+01   1.4661513e-01  -1.3602942e-01  -5.8646053e-01   5.4411767e-01  -8.0000000e-02
   1.4990000e+01   1.5062943e-01  -1.3157042e-01  -6.0251773e-01   5.2628166e-01  -8.0000000e-02
   1.5020000e+01   1.5450817e-01  -1.2699301e-01  -6.1803270e-01   5.0797203e-01  -8.0000000e-02
   1.5050000e+01   1.5824787e-01  -1.2230132e-01  -6.3299148e-01   4.8920526e-01  -8.0000000e-02
   1.5080000e+01   1.6184515e-01  -1.1749956e-01  -6.4738061e-01   4.6999824e-01  -8.0000000e-02
   1.5120000e+01   1.6641442e-01  -1.1093349e-01  -6.6565769e-01   4.4373397e-01  -8.0000000e-02
   1.5150000e+01   1.6966705e-01  -1.0589189e-01  -6.7866819e-01   4.2356757e-01  -8.0000000e-02
   1.5180000e+01   1.7276698e-01  -1.0075500e-01  -6.9106793e-01   4.0301999e-01  -8.0000000e-02
   1.5210000e+01   1.7571144e-01  -9.5527428e-02  -7.0284576e-01   3.8210971e-01  -8.0000000e-02
   1.5240000e+01   1.7849777e-01  -9.0213892e-02  -7.1399108e-01   3.6085557e-01  -8.0000000e-02
   1.5270000e+01   1.8112346e-01  -8.4819169e-02  -7.2449385e-01   3.3927667e-01  -8.0000000e-02
   1.5300000e+01   1.8358616e-01  -7.9348114e-02  -7.3434463e-01   3.1739246e-01  -8.0000000e-02
   1.5340000e+01   1.8661239e-01  -7.1943156e-02  -7.4644954e-01   2.8777262e-01  -8.0000000e-02
   1.5370000e+01   1.8868639e-01  -6.6313252e-02  -7.5474555e-01   2.6525301e-01  -8.0000000e-02
   1.5400000e+01   1.9059058e-01  -6.0623671e-02  -7.6236233e-01   2.4249468e-01  -8.0000000e-02
   1.5430000e+01   1.9232326e-01  -5.4879532e-02  -7.6929305e-01   2.1951813e-01  -8.0000000e-02
   1.5460000e+01   1.9388286e-01  -4.9086006e-02  -7.7553145e-01   1.9634402e-01  -8.0000000e-02
   1.5490000e+01   1.9526798e-01  -4.3248305e-02  -7.8107192e-01   1.7299322e-01  -8.0000000e-02
   1.5520000e+01   1.9647737e-01  -3.7371684e-02  -7.8590948e-01   1.4948674e-01  -8.0000000e-02
   1.5560000e+01   1.9781468e-01  -2.9484792e-02  -7.9125871e-01   1.1793917e-01  -8.0000000e-02
   1.5590000e+01   1.9861008e-01  -2.3537974e-02  -7.9444032e-01   9.4151897e-02  -8.0000000e-02
   1.5620000e+01   1.9922675e-01  -1.7569974e-02  -7.9690698e-01   7.0279897e-02  -8.0000000e-02
   1.5650000e+01   1.9966412e-01  -1.1586162e-02  -7.9865648e-01   4.6344650e-02  -8.0000000e-02
   1.5680000e+01   1.9992181e-01  -5.5919239e-03  -7.9968724e-01   2.2367696e-02  -8.0000000e-02
   1.5710000e+01   1.9999959e-01   4.0734695e-04  -7.9999834e-01  -1.6293878e-03  -8.0000000e-02
   1.5740000e+01   1.9989737e-01   6.4062513e-03  -7.9958949e-01  -2.5625005e-02  -8.0000000e-02
   1.5780000e+01   1.9948130e-01   1.4394890e-02  -7.9792518e-01  -5.7579559e-02  -8.0000000e-02
   1.5810000e+01   1.9895975e-01   2.0371954e-02  -7.9583901e-01  -8.1487815e-02  -8.0000000e-02
   1.5840000e+01   1.9825916e-01   2.6330684e-02  -7.9303665e-01  -1.0532274e-01  -8.0000000e-02
   1.5870000e+01   1.9738015e-01   3.2265719e-02  -7.8952060e-01  -1.2906288e-01  -8.0000000e-02
   1.5900000e+01   1.9632351e-01   3.8171717e-02  -7.8529403e-01  -1.5268687e-01  -8.0000000e-02
   1.5930000e+01   1.9509019e-01   4.4043363e-02  -7.8036076e-01  -1.7617345e-01  -8.0000000e-02
   1.5960000e+01   1.9368130e-01   4.9875373e-02  -7.7472521e-01  -1.9950149e-01  -8.0000000e-02
   1.6000000e+01   1.9153190e-01   5.7580664e-02  -7.6612758e-01  -2.3032266e-01  -8.0000000e-02
   1.6030000e+01   1.8971855e-01   6.3299850e-02  -7.5887421e-01  -2.5319940e-01  -8.0000000e-02
   1.6060000e+01   1.8773447e-01   6.8962070e-02  -7.5093790e-01  -2.7584828e-01  -8.0000000e-02
   1.6090000e+01   1.8558145e-01   7.4562229e-02  -7.4232579e-01  -2.9824891e-01  -8.0000000e-02
   1.6120000e+01   1.8326141e-01   8.0095287e-02  -7.3304565e-01  -3.2038115e-01  -8.0000000e-02
   1.6150000e+01   1.8077645e-01   8.5556264e-02  -7.2310581e-01  -3.4222506e-01  -8.0000000e-02
   1.6180000e+01   1.7812881e-01   9.0940247e-02  -7.1251522e-01  -3.6376099e-01  -8.0000000e-02
   1.6220000e+01   1.7434968e-01   9.7990757e-02  -6.9739873e-01  -3.9196303e-01  -8.0000000e-02
   1.6250000e+01   1.7133195e-01   1.0317637e-01  -6.8532779e-01  -4.1270548e-01  -8.0000000e-02
   1.6280000e+01   1.6816003e-01   1.0826913e-01  -6.7264011e-01  -4.3307653e-01  -8.0000000e-02
   1.6310000e+01   1.6483678e-01   1.1326446e-01  -6.5934710e-01  -4.5305783e-01  -8.0000000e-02
   1.6340000e+01   1.6136518e-01   1.1815785e-01  -6.4546072e-01  -4.7263142e-01  -8.0000000e-02
   1.6370000e+01   1.5774837e-01   1.2294492e-01  -6.3099347e-01  -4.9177967e-01  -8.0000000e-02
   1.6400000e+01   1.5398959e-01   1.2762134e-01  -6.1595837e-01  -5.1048535e-01  -8.0000000e-02
   1.6440000e+01   1.4876292e-01   1.3367719e-01  -5.9505170e-01  -5.3470878e-01  -8.0000000e-02
   1.6470000e+01   1.4468627e-01   1.3807926e-01  -5.7874509e-01  -5.5231705e-01  -8.0000000e-02
   1.6500000e+01   1.4047941e-01   1.4235707e-01  -5.6191764e-01  -5.6942828e-01  -8.0000000e-02
   1.6530000e+01   1.3614613e-01   1.4650676e-01  -5.4458451e-01  -5.8602705e-01  -8.0000000e-02
   1.6560000e+01   1.3169032e-01   1.5052461e-01  -5.2676129e-01  -6.0209845e-01  -8.0000000e-02
   1.6590000e+01   1.2711601e-01   1.5440700e-01  -5.0846403e-01  -6.1762799e-01  -8.0000000e-02
   1.6620000e+01   1.2242729e-01   1.5815043e-01  -4.8970917e-01  -6.3260171e-01  -8.0000000e-02
   1.6660000e+01   1.1600503e-01   1.6291971e-01  -4.6402014e-01  -6.5167884e-01  -8.0000000e-02
   1.6690000e+01   1.1106598e-01   1.6632603e-01  -4.4426391e-01  -6.6530412e-01  -8.0000000e-02
   1.6720000e+01   1.0602697e-01   1.6958267e-01  -4.2410788e-01  -6.7833068e-01  -8.0000000e-02
   1.6750000e+01   1.0089254e-01   1.7268669e-01  -4.0357017e-01  -6.9074678e-01  -8.0000000e-02
   1.6780000e+01   9.5667322e-02   1.7563531e-01  -3.8266929e-01  -7.0254126e-01  -8.0000000e-02
   1.6810000e+01   9.0356005e-02   1.7842587e-01  -3.6142402e-01  -7.1370349e-01  -8.0000000e-02
   1.6840000e+01   8.4963375e-02   1.8105586e-01  -3.3985350e-01  -7.2422345e-01  -8.0000000e-02
   1.6880000e+01   7.7655110e-02   1.8430866e-01  -3.1062044e-01  -7.3723466e-01  -8.0000000e-02
   1.6910000e+01   7.2091737e-02   1.8655504e-01  -2.8836695e-01  -7.4622014e-01  -8.0000000e-02
   1.6940000e+01   6.6463487e-02   1.8863352e-01  -2.6585395e-01  -7.5453408e-01  -8.0000000e-02
   1.6970000e+01   6.0775424e-02   1.9054225e-01  -2.4310169e-01  -7.6216899e-01  -8.0000000e-02
   1.7000000e+01   5.5032667e-02   1.9227950e-01  -2.2013067e-01  -7.6911799e-01  -8.0000000e-02
   1.7030000e+01   4.9240384e-02   1.9384371e-01  -1.9696154e-01  -7.7537485e-01  -8.0000000e-02
   1.7060000e+01   4.3403788e-02   1.9523348e-01  -1.7361515e-01  -7.8093391e-01  -8.0000000e-02
   1.7100000e+01   3.5561813e-02   1.9681300e-01  -1.4224725e-01  -7.8725200e-01  -8.0000000e-02
   1.7130000e+01   2.9642307e-02   1.9779114e-01  -1.1856923e-01  -7.9116455e-01  -8.0000000e-02
   1.7160000e+01   2.3696125e-02   1.9859127e-01  -9.4784500e-02  -7.9436509e-01  -8.0000000e-02
   1.7190000e+01   1.7728618e-02   1.9921269e-01  -7.0914472e-02  -7.9685076e-01  -8.0000000e-02
   1.7220000e+01   1.1745157e-02   1.9965483e-01  -4.6980626e-02  -7.9861932e-01  -8.0000000e-02
   1.7250000e+01   5.7511251e-03   1.9991729e-01  -2.3004500e-02  -7.9966918e-01  -8.0000000e-02
   1.7280000e+01  -2.4808197e-04   1.9999985e-01   9.9232786e-04  -7.9999938e-01  -8.0000000e-02
   1.7320000e+01  -8.2457442e-03   1.9982995e-01   3.2982977e-02  -7.9931979e-01  -8.0000000e-02
   1.7350000e+01  -1.4236033e-02   1.9949269e-01   5.6944132e-02  -7.9797078e-01  -8.0000000e-02
   1.7380000e+01  -2.0213511e-02   1.9897591e-01   8.0854042e-02  -7.9590365e-01  -8.0000000e-02
   1.7410000e+01  -2.6172797e-02   1.9828007e-01   1.0469119e-01  -7.9312026e-01  -8.0000000e-02
   1.7440000e+01  -3.2108530e-02   1.9740578e-01   1.2843412e-01  -7.8962312e-01  -8.0000000e-02
   1.7470000e+01  -3.8015367e-02   1.9635384e-01   1.5206147e-01  -7.8541537e-01  -8.0000000e-02
   1.7500000e+01  -4.3887994e-02   1.9512520e-01   1.7555197e-01  -7.8050080e-01  -8.0000000e-02
   1.7540000e+01  -5.1655815e-02   1.9321407e-01   2.0662326e-01  -7.7285628e-01  -8.0000000e-02
   1.7570000e+01  -5.7428124e-02   1.9157769e-01   2.2971250e-01  -7.6631075e-01  -8.0000000e-02
   1.7600000e+01  -6.3148752e-02   1.8976890e-01   2.5259501e-01  -7.5907560e-01  -8.0000000e-02
   1.7630000e+01  -6.8812550e-02   1.8778933e-01   2.7525020e-01  -7.5115732e-01  -8.0000000e-02
   1.7660000e+01  -7.4414422e-02   1.8564077e-01   2.9765769e-01  -7.4256306e-01  -8.0000000e-02
   1.7690000e+01  -7.9949325e-02   1.8332514e-01   3.1979730e-01  -7.3330054e-01  -8.0000000e-02
   1.7720000e+01  -8.5412280e-02   1.8084453e-01   3.4164912e-01  -7.2337810e-01  -8.0000000e-02
   1.7750000e+01  -9.0798369e-02   1.7820117e-01   3.6319348e-01  -7.1280467e-01  -8.0000000e-02
   1.7790000e+01  -9.7851886e-02   1.7442766e-01   3.9140755e-01  -6.9771064e-01  -8.0000000e-02
   1.7820000e+01  -1.0303990e-01   1.7141406e-01   4.1215961e-01  -6.8565623e-01  -8.0000000e-02
   1.7850000e+01  -1.0813519e-01   1.6824619e-01   4.3254075e-01  -6.7298477e-01  -8.0000000e-02
   1.7880000e+01  -1.1313316e-01   1.6492692e-01   4.5253263e-01  -6.5970767e-01  -8.0000000e-02
   1.7910000e+01  -1.1802932e-01   1.6145922e-01   4.7211727e-01  -6.4583688e-01  -8.0000000e-02
   1.7940000e+01  -1.2281926e-01   1.5784622e-01   4.9127704e-01  -6.3138489e-01  -8.0000000e-02
   1.7970000e+01  -1.2749867e-01   1.5409117e-01   5.0999468e-01  -6.1636468e-01  -8.0000000e-02
   1.8010000e+01  -1.3355869e-01   1.4886933e-01   5.3423475e-01  -5.9547731e-01  -8.0000000e-02
   1.8040000e+01  -1.3796400e-01   1.4479618e-01   5.5185601e-01  -5.7918473e-01  -8.0000000e-02
   1.8070000e+01  -1.4224516e-01   1.4059273e-01   5.6898063e-01  -5.6237092e-01  -8.0000000e-02
   1.8100000e+01  -1.4639830e-01   1.3626275e-01   5.8559320e-01  -5.4505101e-01  -8.0000000e-02
   1.8130000e+01  -1.5041970e-01   1.3181015e-01   6.0167878e-01  -5.2724059e-01  -8.0000000e-02
   1.8160000e+01  -1.5430572e-01   1.2723892e-01   6.1722289e-01  -5.0895570e-01  -8.0000000e-02
   1.8190000e+01  -1.5805289e-01   1.2255319e-01   6.3221154e-01  -4.9021278e-01  -8.0000000e-02
   1.8230000e+01  -1.6282728e-01   1.1613473e-01   6.5130912e-01  -4.6453894e-01  -8.0000000e-02
   1.8260000e+01  -1.6623753e-01   1.1119839e-01   6.6495013e-01  -4.4479357e-01  -8.0000000e-02
   1.8290000e+01  -1.6949818e-01   1.0616198e-01   6.7799273e-01  -4.2464791e-01  -8.0000000e-02
   1.8320000e+01  -1.7260630e-01   1.0103003e-01   6.9042519e-01  -4.0412011e-01  -8.0000000e-02
   1.8350000e+01  -1.7555908e-01   9.5807154e-02   7.0223630e-01  -3.8322862e-01  -8.0000000e-02
   1.8380000e+01  -1.7835386e-01   9.0498062e-02   7.1341546e-01  -3.6199225e-01  -8.0000000e-02
   1.8410000e+01  -1.8098815e-01   8.5107528e-02   7.2395258e-01  -3.4043011e-01  -8.0000000e-02
   1.8450000e+01  -1.8424677e-01   7.7801855e-02   7.3698707e-01  -3.1120742e-01  -8.0000000e-02
   1.8480000e+01  -1.8649757e-01   7.2240273e-02   7.4599027e-01  -2.8896109e-01  -8.0000000e-02
   1.8510000e+01  -1.8858053e-01   6.6613679e-02   7.5432213e-01  -2.6645472e-01  -8.0000000e-02
   1.8540000e+01  -1.9049379e-01   6.0927138e-02   7.6197516e-01  -2.4370855e-01  -8.0000000e-02
   1.8570000e+01  -1.9223561e-01   5.5185766e-02   7.6894245e-01  -2.2074307e-01  -8.0000000e-02
   1.8600000e+01  -1.9380444e-01   4.9394731e-02   7.7521776e-01  -1.9757893e-01  -8.0000000e-02
   1.8630000e+01  -1.9519885e-01   4.3559244e-02   7.8079541e-01  -1.7423698e-01  -8.0000000e-02
   1.8670000e+01  -1.9678462e-01   3.5718529e-02   7.8713848e-01  -1.4287412e-01  -8.0000000e-02
   1.8700000e+01  -1.9776747e-01   2.9799804e-02   7.9106987e-01  -1.1919922e-01  -8.0000000e-02
   1.8730000e+01  -1.9857234e-01   2.3854261e-02   7.9428936e-01  -9.5417044e-02  -8.0000000e-02
   1.8760000e+01  -1.9919851e-01   1.7887251e-02   7.9679404e-01  -7.1549003e-02  -8.0000000e-02
   1.8790000e+01  -1.9964541e-01   1.1904143e-02   7.9858166e-01  -4.7616573e-02  -8.0000000e-02
   1.8820000e+01  -1.9991265e-01   5.9103227e-03   7.9965060e-01  -2.3641291e-02  -8.0000000e-02
   1.8850000e+01  -1.9999998e-01  -8.8816701e-05   7.9999992e-01   3.5526681e-04  -8.0000000e-02
   1.8890000e+01  -1.9983645e-01  -8.0866117e-03   7.9934580e-01   3.2346447e-02  -8.0000000e-02
   1.8920000e+01  -1.9950397e-01  -1.4077167e-02   7.9801587e-01   5.6308669e-02  -8.0000000e-02
   1.8950000e+01  -1.9899195e-01  -2.0055054e-02   7.9596779e-01   8.0220217e-02  -8.0000000e-02
   1.8980000e+01  -1.9830085e-01  -2.6014893e-02   7.9320338e-01   1.0405957e-01  -8.0000000e-02
   1.9010000e+01  -1.9743129e-01  -3.1951320e-02   7.8972515e-01   1.2780528e-01  -8.0000000e-02
   1.9040000e+01  -1.9638405e-01  -3.7858994e-02   7.8553622e-01   1.5143597e-01  -8.0000000e-02
   1.9070000e+01  -1.9516009e-01  -4.3732596e-02   7.8064035e-01   1.7493039e-01  -8.0000000e-02
   1.9110000e+01  -1.9325514e-01  -5.1501937e-02   7.7302057e-01   2.0600775e-01  -8.0000000e-02
   1.9140000e+01  -1.9162336e-01  -5.7275547e-02   7.6649344e-01   2.2910219e-01  -8.0000000e-02
   1.9170000e+01  -1.8981913e-01  -6.2997614e-02   7.5927650e-01   2.5199046e-01  -8.0000000e-02
   1.9200000e+01  -1.8784407e-01  -6.8662987e-02   7.5137628e-01   2.7465195e-01  -8.0000000e-02
   1.9230000e+01  -1.8569996e-01  -7.4266567e-02   7.4279986e-01   2.9706627e-01  -8.0000000e-02
   1.9260000e+01  -1.8338874e-01  -7.9803313e-02   7.3355497e-01   3.1921325e-01  -8.0000000e-02
   1.9290000e+01  -1.8091248e-01  -8.5268242e-02   7.2364994e-01   3.4107297e-01  -8.0000000e-02
   1.9330000e+01  -1.7735795e-01  -9.2434606e-02   7.0943181e-01   3.6973842e-01  -8.0000000e-02
   1.9360000e+01  -1.7450553e-01  -9.7712954e-02   6.9802210e-01   3.9085182e-01  -8.0000000e-02
   1.9390000e+01  -1.7149606e-01  -1.0290337e-01   6.8598422e-01   4.1161347e-01  -8.0000000e-02
   1.9420000e+01  -1.6833225e-01  -1.0800117e-01   6.7332900e-01   4.3200470e-01  -8.0000000e-02
   1.9450000e+01  -1.6501696e-01  -1.1300179e-01   6.6006783e-01   4.5200715e-01  -8.0000000e-02
   1.9480000e+01  -1.6155316e-01  -1.1790071e-01   6.4621264e-01   4.7160283e-01  -8.0000000e-02
   1.9510000e+01  -1.5794398e-01  -1.2269352e-01   6.3177590e-01   4.9077409e-01  -8.0000000e-02
   1.9550000e+01  -1.5291121e-01  -1.2891146e-01   6.1164482e-01   5.1564582e-01  -8.0000000e-02
   1.9580000e+01  -1.4897564e-01  -1.3344010e-01   5.9590255e-01   5.3376039e-01  -8.0000000e-02
   1.9610000e+01  -1.4490600e-01  -1.3784865e-01   5.7962400e-01   5.5139461e-01  -8.0000000e-02
   1.9640000e+01  -1.4070596e-01  -1.4213315e-01   5.6282383e-01   5.6853261e-01  -8.0000000e-02
   1.9670000e+01  -1.3637929e-01  -1.4628974e-01   5.4551716e-01   5.8515898e-01  -8.0000000e-02
   1.9700000e+01  -1.3192989e-01  -1.5031468e-01   5.2771956e-01   6.0125873e-01  -8.0000000e-02
   1.9730000e+01  -1.2736176e-01  -1.5420435e-01   5.0944705e-01   6.1681740e-01  -8.0000000e-02
   1.9770000e+01  -1.2109336e-01  -1.5917412e-01   4.8437343e-01   6.3669646e-01  -8.0000000e-02
   1.9800000e+01  -1.1626436e-01  -1.6273475e-01   4.6505745e-01   6.5093899e-01  -8.0000000e-02
   1.9830000e+01  -1.1133074e-01  -1.6614893e-01   4.4532295e-01   6.6459572e-01  -8.0000000e-02
   1.9860000e+01  -1.0629692e-01  -1.6941359e-01   4.2518768e-01   6.7765436e-01  -8.0000000e-02
   1.9890000e+01  -1.0116745e-01  -1.7252579e-01   4.0466978e-01   6.9010316e-01  -8.0000000e-02
   1.9920000e+01  -9.5946926e-02  -1.7548273e-01   3.8378771e-01   7.0193091e-01  -8.0000000e-02
   1.9950000e+01  -9.0640061e-02  -1.7828174e-01   3.6256024e-01   7.1312697e-01  -8.0000000e-02
   1.9990000e+01  -8.3438191e-02  -1.8176377e-01   3.3375276e-01   7.2705508e-01  -8.0000000e-02
   2.0020000e+01  -7.7948551e-02  -1.8418475e-01   3.1179420e-01   7.3673901e-01  -8.0000000e-02
   2.0050000e+01  -7.2388763e-02  -1.8643998e-01   2.8955505e-01   7.4575993e-01  -8.0000000e-02
   2.0080000e+01  -6.6763830e-02  -1.8852743e-01   2.6705532e-01   7.5410971e-01  -8.0000000e-02
   2.0110000e+01  -6.1078814e-02  -1.9044521e-01   2.4431526e-01   7.6178084e-01  -8.0000000e-02
   2.0140000e+01  -5.5338831e-02  -1.9219161e-01   2.2135533e-01   7.6876643e-01  -8.0000000e-02
   2.0170000e+01  -4.9549047e-02  -1.9376504e-01   1.9819619e-01   7.7506017e-01  -8.0000000e-02
   2.0210000e+01  -4.1760878e-02  -1.9559149e-01   1.6704351e-01   7.8236594e-01  -8.0000000e-02
   2.0240000e+01  -3.5875223e-02  -1.9675611e-01   1.4350089e-01   7.8702446e-01  -8.0000000e-02
   2.0270000e+01  -2.9957282e-02  -1.9774368e-01   1.1982913e-01   7.9097470e-01  -8.0000000e-02
   2.0300000e+01  -2.4012382e-02  -1.9855328e-01   9.6049528e-02   7.9421313e-01  -8.0000000e-02
   2.0330000e+01  -1.8045872e-02  -1.9918420e-01   7.2183489e-02   7.9673681e-01  -8.0000000e-02
   2.0360000e+01  -1.2063122e-02  -1.9963587e-01   4.8252490e-02   7.9854348e-01  -8.0000000e-02
   2.0390000e+01  -6.0695166e-03  -1.9990788e-01   2.4278066e-02   7.9963152e-01  -8.0000000e-02
   2.0430000e+01   1.9295214e-03  -1.9999069e-01  -7.7180858e-03   7.9996277e-01  -8.0000000e-02
   2.0460000e+01   7.9274741e-03  -1.9984283e-01  -3.1709896e-02   7.9937130e-01  -8.0000000e-02
   2.0490000e+01   1.3918293e-02  -1.9951512e-01  -5.5673170e-02   7.9806046e-01  -8.0000000e-02
   2.0520000e+01   1.9896585e-02  -1.9900785e-01  -7.9586342e-02   7.9603142e-01  -8.0000000e-02
   2.0550000e+01   2.5856973e-02  -1.9832150e-01  -1.0342789e-01   7.9328600e-01  -8.0000000e-02
   2.0580000e+01   3.1794091e-02  -1.9745667e-01  -1.2717636e-01   7.8982667e-01  -8.0000000e-02
   2.0610000e+01   3.7702596e-02  -1.9641414e-01  -1.5081038e-01   7.8565656e-01  -8.0000000e-02
   2.0650000e+01   4.5526908e-02  -1.9474933e-01  -1.8210763e-01   7.7899731e-01  -8.0000000e-02
   2.0680000e+01   5.1348026e-02  -1.9329609e-01  -2.0539211e-01   7.7318438e-01  -8.0000000e-02
   2.0710000e+01   5.7122935e-02  -1.9166891e-01  -2.2849174e-01   7.6667563e-01  -8.0000000e-02
   2.0740000e+01   6.2846436e-02  -1.8986923e-01  -2.5138574e-01   7.5947693e-01  -8.0000000e-02
   2.0770000e+01   6.8513380e-02  -1.8789869e-01  -2.7405352e-01   7.5159475e-01  -8.0000000e-02
   2.0800000e+01   7.4118666e-02  -1.8575905e-01  -2.9647466e-01   7.4303619e-01  -8.0000000e-02
   2.0830000e+01   7.9657251e-02  -1.8345223e-01  -3.1862900e-01   7.3380894e-01  -8.0000000e-02
   2.0870000e+01   8.6929666e-02  -1.8012005e-01  -3.4771866e-01   7.2048021e-01  -8.0000000e-02
   2.0900000e+01   9.2293342e-02  -1.7743151e-01  -3.6917337e-01   7.0972602e-01  -8.0000000e-02
   2.0930000e+01   9.7573960e-02  -1.7458328e-01  -3.9029584e-01   6.9833313e-01  -8.0000000e-02
   2.0960000e+01   1.0276677e-01  -1.7157795e-01  -4.1106707e-01   6.8631178e-01  -8.0000000e-02
   2.0990000e+01   1.0786709e-01  -1.6841820e-01  -4.3146837e-01   6.7367280e-01  -8.0000000e-02
   2.1020000e+01   1.1287034e-01  -1.6510689e-01  -4.5148138e-01   6.6042756e-01  -8.0000000e-02
   2.1050000e+01   1.1777202e-01  -1.6164700e-01  -4.7108808e-01   6.4658798e-01  -8.0000000e-02
   2.1090000e+01   1.2414197e-01  -1.5680807e-01  -4.9656788e-01   6.2723228e-01  -8.0000000e-02
   2.1120000e+01   1.2878965e-01  -1.5301381e-01  -5.1515859e-01   6.1205525e-01  -8.0000000e-02
   2.1150000e+01   1.3332142e-01  -1.4908185e-01  -5.3328569e-01   5.9632740e-01  -8.0000000e-02
   2.1180000e+01   1.3773322e-01  -1.4501573e-01  -5.5093287e-01   5.8006291e-01  -8.0000000e-02
   2.1210000e+01   1.4202106e-01  -1.4081910e-01  -5.6808424e-01   5.6327639e-01  -8.0000000e-02
   2.1240000e+01   1.4618110e-01  -1.3649574e-01  -5.8472438e-01   5.4598296e-01  -8.0000000e-02
   2.1270000e+01   1.5020958e-01  -1.3204955e-01  -6.0083831e-01   5.2819819e-01  -8.0000000e-02
   2.1300000e+01   1.5410288e-01  -1.2748452e-01  -6.1641152e-01   5.0993807e-01  -8.0000000e-02
   2.1340000e+01   1.5907763e-01  -1.2122007e-01  -6.3631054e-01   4.8488029e-01  -8.0000000e-02
   2.1370000e+01   1.6264211e-01  -1.1639391e-01  -6.5056845e-01   4.6557566e-01  -8.0000000e-02
   2.1400000e+01   1.6606022e-01  -1.1146301e-01  -6.6424089e-01   4.4585204e-01  -8.0000000e-02
   2.1430000e+01   1.6932889e-01  -1.0643180e-01  -6.7731556e-01   4.2572718e-01  -8.0000000e-02
   2.1460000e+01   1.7244517e-01  -1.0130480e-01  -6.8978069e-01   4.0521920e-01  -8.0000000e-02
   2.1490000e+01   1.7540627e-01  -9.6086637e-02  -7.0162506e-01   3.8434655e-01  -8.0000000e-02
   2.1520000e+01   1.7820951e-01  -9.0782003e-02  -7.1283802e-01   3.6312801e-01  -8.0000000e-02
   2.1560000e+01   1.8169727e-01  -8.3582907e-02  -7.2678908e-01   3.3433163e-01  -8.0000000e-02
   2.1590000e+01   1.8412262e-01  -7.8095197e-02  -7.3649049e-01   3.1238079e-01  -8.0000000e-02
   2.1620000e+01   1.8638228e-01  -7.2537207e-02  -7.4552911e-01   2.9014883e-01  -8.0000000e-02
   2.1650000e+01   1.8847420e-01  -6.6913938e-02  -7.5389681e-01   2.6765575e-01  -8.0000000e-02
   2.1680000e+01   1.9039651e-01  -6.1230451e-02  -7.6158605e-01   2.4492180e-01  -8.0000000e-02
   2.1710000e+01   1.9214748e-01  -5.5491861e-02  -7.6858991e-01   2.2196744e-01  -8.0000000e-02
   2.1740000e+01   1.9372552e-01  -4.9703332e-02  -7.7490210e-01   1.9881333e-01  -8.0000000e-02
   2.1780000e+01   1.9555817e-01  -4.1916620e-02  -7.8223267e-01   1.6766648e-01  -8.0000000e-02
   2.1810000e+01   1.9672748e-01  -3.6031894e-02  -7.8690993e-01   1.4412757e-01  -8.0000000e-02
   2.1840000e+01   1.9771976e-01  -3.0114741e-02  -7.9087903e-01   1.2045896e-01  -8.0000000e-02
   2.1870000e+01   1.9853410e-01  -2.4170487e-02  -7.9413639e-01   9.6681950e-02  -8.0000000e-02
   2.1900000e+01   1.9916977e-01  -1.8204482e-02  -7.9667908e-01   7.2817928e-02  -8.0000000e-02
   2.1930000e+01   1.9962620e-01  -1.2222094e-02  -7.9850481e-01   4.8888375e-02  -8.0000000e-02
   2.1960000e+01   1.9990298e-01  -6.2287065e-03  -7.9961194e-01   2.4914826e-02  -8.0000000e-02
   2.2000000e+01   1.9999217e-01   1.7702631e-03  -7.9996866e-01  -7.0810523e-03  -8.0000000e-02
   2.2030000e+01   1.9984908e-01   7.7683315e-03  -7.9939630e-01  -3.1073326e-02  -8.0000000e-02
   2.2060000e+01   1.9952614e-01   1.3759409e-02  -7.9810454e-01  -5.5037636e-02  -8.0000000e-02
   2.2090000e+01   1.9902363e-01   1.9738104e-02  -7.9609454e-01  -7.8952416e-02  -8.0000000e-02
   2.2120000e+01   1.9834203e-01   2.5699036e-02  -7.9336811e-01  -1.0279614e-01  -8.0000000e-02
   2.2150000e+01   1.9748192e-01   3.1636841e-02  -7.8992770e-01  -1.2654736e-01  -8.0000000e-02
   2.2180000e+01   1.9644410e-01   3.7546174e-02  -7.8577640e-01  -1.5018470e-01  -8.0000000e-02
   2.2220000e+01   1.9478552e-01   4.5371810e-02  -7.7914208e-01  -1.8148724e-01  -8.0000000e-02
   2.2250000e+01   1.9333692e-01   5.1194083e-02  -7.7334769e-01  -2.0477633e-01  -8.0000000e-02
   2.2280000e+01   1.9171434e-01   5.6970286e-02  -7.6685734e-01  -2.2788114e-01  -8.0000000e-02
   2.2310000e+01   1.8991922e-01   6.2695218e-02  -7.5967687e-01  -2.5078087e-01  -8.0000000e-02
   2.2340000e+01   1.8795319e-01   6.8363729e-02  -7.5181275e-01  -2.7345492e-01  -8.0000000e-02
   2.2370000e+01   1.8581801e-01   7.3970718e-02  -7.4327204e-01  -2.9588287e-01  -8.0000000e-02
   2.2400000e+01   1.8351561e-01   7.9511138e-02  -7.3406244e-01  -3.1804455e-01  -8.0000000e-02
   2.2440000e+01   1.8018922e-01   8.6786204e-02  -7.2075688e-01  -3.4714482e-01  -8.0000000e-02
   2.2470000e+01   1.7750494e-01   9.2152019e-02  -7.1001978e-01  -3.6860808e-01  -8.0000000e-02
   2.2500000e+01   1.7466093e-01   9.7434904e-02  -6.9864371e-01  -3.8973961e-01  -8.0000000e-02
   2.2530000e+01   1.7165973e-01   1.0263010e-01  -6.8663891e-01  -4.1052041e-01  -8.0000000e-02
   2.2560000e+01   1.6850404e-01   1.0773294e-01  -6.7401618e-01  -4.3093177e-01  -8.0000000e-02
   2.2590000e+01   1.6519672e-01   1.1273883e-01  -6.6078688e-01  -4.5095532e-01  -8.0000000e-02
   2.2620000e+01   1.6174073e-01   1.1764326e-01  -6.4696292e-01  -4.7057304e-01  -8.0000000e-02
   2.2660000e+01   1.5690688e-01   1.2401706e-01  -6.2762751e-01  -4.9606824e-01  -8.0000000e-02
   2.2690000e+01   1.5311632e-01   1.2866776e-01  -6.1246529e-01  -5.1467103e-01  -8.0000000e-02
   2.2720000e+01   1.4918797e-01   1.3320266e-01  -5.9675188e-01  -5.3281065e-01  -8.0000000e-02
   2.2750000e+01   1.4512536e-01   1.3761769e-01  -5.8050144e-01  -5.5047077e-01  -8.0000000e-02
   2.2780000e+01   1.4093215e-01   1.4190888e-01  -5.6372859e-01  -5.6763551e-01  -8.0000000e-02
   2.2810000e+01   1.3661211e-01   1.4607235e-01  -5.4644842e-01  -5.8428942e-01  -8.0000000e-02
   2.2840000e+01   1.3216912e-01   1.5010437e-01  -5.2867649e-01  -6.0041750e-01  -8.0000000e-02
   2.2880000e+01   1.2606083e-01   1.5526966e-01  -5.0424330e-01  -6.2107865e-01  -8.0000000e-02
   2.2910000e+01   1.2134671e-01   1.5898105e-01  -4.8538685e-01  -6.3592422e-01  -8.0000000e-02
   2.2940000e+01   1.1652339e-01   1.6254937e-01  -4.6609358e-01  -6.5019749e-01  -8.0000000e-02
   2.2970000e+01   1.1159521e-01   1.6597141e-01  -4.4638085e-01  -6.6388564e-01  -8.0000000e-02
   2.3000000e+01   1.0656660e-01   1.6924408e-01  -4.2626641e-01  -6.7697633e-01  -8.0000000e-02
   2.3030000e+01   1.0144209e-01   1.7236445e-01  -4.0576836e-01  -6.8945778e-01  -8.0000000e-02
   2.3060000e+01   9.6226287e-02   1.7532969e-01  -3.8490515e-01  -7.0131878e-01  -8.0000000e-02
   2.3100000e+01   8.9137999e-02   1.7903747e-01  -3.5655200e-01  -7.1614990e-01  -8.0000000e-02
   2.3130000e+01   8.3727571e-02   1.8163065e-01  -3.3491028e-01  -7.2652261e-01  -8.0000000e-02
   2.3160000e+01   7.8241794e-02   1.8406037e-01  -3.1296718e-01  -7.3624150e-01  -8.0000000e-02
   2.3190000e+01   7.2685605e-02   1.8632446e-01  -2.9074242e-01  -7.4529782e-01  -8.0000000e-02
   2.3220000e+01   6.7064004e-02   1.8842086e-01  -2.6825602e-01  -7.5368343e-01  -8.0000000e-02
   2.3250000e+01   6.1382049e-02   1.9034769e-01  -2.4552820e-01  -7.6139077e-01  -8.0000000e-02
   2.3280000e+01   5.5644855e-02   1.9210323e-01  -2.2257942e-01  -7.6841291e-01  -8.0000000e-02
   2.3320000e+01   4.7918265e-02   1.9417477e-01  -1.9167306e-01  -7.7669906e-01  -8.0000000e-02
   2.3350000e+01   4.2072334e-02   1.9552473e-01  -1.6828934e-01  -7.8209891e-01  -8.0000000e-02
   2.3380000e+01   3.6188541e-02   1.9669873e-01  -1.4475417e-01  -7.8679491e-01  -8.0000000e-02
   2.3410000e+01   3.0272181e-02   1.9769571e-01  -1.2108872e-01  -7.9078285e-01  -8.0000000e-02
   2.3440000e+01   2.4328578e-02   1.9851479e-01  -9.7314311e-02  -7.9405914e-01  -8.0000000e-02
   2.3470000e+01   1.8363080e-02   1.9915521e-01  -7.3452321e-02  -7.9662084e-01  -8.0000000e-02
   2.3500000e+01   1.2381057e-02   1.9961641e-01  -4.9524230e-02  -7.9846562e-01  -8.0000000e-02
   2.3540000e+01   4.3886267e-03   1.9995184e-01  -1.7554507e-02  -7.9980738e-01  -8.0000000e-02
   2.3570000e+01  -1.6110036e-03   1.9999351e-01   6.4440143e-03  -7.9997405e-01  -8.0000000e-02
   2.3600000e+01  -7.6091841e-03   1.9985520e-01   3.0436736e-02  -7.9942079e-01  -8.0000000e-02
   2.3630000e+01  -1.3600517e-02   1.9953703e-01   5.4402067e-02  -7.9814812e-01  -8.0000000e-02
   2.3660000e+01  -1.9579610e-02   1.9903929e-01   7.8318440e-02  -7.9615716e-01  -8.0000000e-02
   2.3690000e+01  -2.5541083e-02   1.9836243e-01   1.0216433e-01  -7.9344971e-01  -8.0000000e-02
   2.3720000e+01  -3.1479571e-02   1.9750705e-01   1.2591828e-01  -7.9002822e-01  -8.0000000e-02
   2.3760000e+01  -3.9352566e-02   1.9609022e-01   1.5741026e-01  -7.8436089e-01  -8.0000000e-02
   2.3790000e+01  -4.5216683e-02   1.9482159e-01   1.8086673e-01  -7.7928636e-01  -8.0000000e-02
   2.3820000e+01  -5.1040108e-02   1.9337763e-01   2.0416043e-01  -7.7351052e-01  -8.0000000e-02
   2.3850000e+01  -5.6817600e-02   1.9175964e-01   2.2727040e-01  -7.6703857e-01  -8.0000000e-02
   2.3880000e+01  -6.2543961e-02   1.8996908e-01   2.5017584e-01  -7.5987634e-01  -8.0000000e-02
   2.3910000e+01  -6.8214036e-02   1.8800757e-01   2.7285614e-01  -7.5203027e-01  -8.0000000e-02
   2.3940000e+01  -7.3822723e-02   1.8587686e-01   2.9529089e-01  -7.4350742e-01  -8.0000000e-02
   2.3980000e+01  -8.1196764e-02   1.8277605e-01   3.2478706e-01  -7.3110421e-01  -8.0000000e-02
   2.4010000e+01  -8.6642687e-02   1.8025827e-01   3.4657075e-01  -7.2103309e-01  -8.0000000e-02
   2.4040000e+01  -9.2010638e-02   1.7757827e-01   3.6804255e-01  -7.1031309e-01  -8.0000000e-02
   2.4070000e+01  -9.7295786e-02   1.7473846e-01   3.8918314e-01  -6.9895385e-01  -8.0000000e-02
   2.4100000e+01  -1.0249337e-01   1.7174140e-01   4.0997349e-01  -6.8696560e-01  -8.0000000e-02
   2.4130000e+01  -1.0759872e-01   1.6858978e-01   4.3039490e-01  -6.7435913e-01  -8.0000000e-02
   2.4160000e+01  -1.1260724e-01   1.6528644e-01   4.5042897e-01  -6.6114578e-01  -8.0000000e-02
   2.4200000e+01  -1.1912686e-01   1.6065114e-01   4.7650746e-01  -6.4260458e-01  -8.0000000e-02
   2.4230000e+01  -1.2389207e-01   1.5700559e-01   4.9556829e-01  -6.2802235e-01  -8.0000000e-02
   2.4260000e+01  -1.2854579e-01   1.5321874e-01   5.1418315e-01  -6.1287494e-01  -8.0000000e-02
   2.4290000e+01  -1.3308382e-01   1.4929400e-01   5.3233527e-01  -5.9717599e-01  -8.0000000e-02
   2.4320000e+01  -1.3750208e-01   1.4523490e-01   5.5000833e-01  -5.8093961e-01  -8.0000000e-02
   2.4350000e+01  -1.4179660e-01   1.4104511e-01   5.6718642e-01  -5.6418044e-01  -8.0000000e-02
   2.4380000e+01  -1.4596352e-01   1.3672838e-01   5.8385408e-01  -5.4691353e-01  -8.0000000e-02
   2.4420000e+01  -1.5131444e-01   1.3078203e-01   6.0525777e-01  -5.2312813e-01  -8.0000000e-02
   2.4450000e+01  -1.5516923e-01   1.2618443e-01   6.2067691e-01  -5.0473773e-01  -8.0000000e-02
   2.4480000e+01  -1.5888437e-01   1.2147327e-01   6.3553749e-01  -4.8589310e-01  -8.0000000e-02
   2.4510000e+01  -1.6245653e-01   1.1665280e-01   6.4982612e-01  -4.6661120e-01  -8.0000000e-02
   2.4540000e+01  -1.6588249e-01   1.1172734e-01   6.6352996e-01  -4.4690938e-01  -8.0000000e-02
   2.4570000e+01  -1.6915917e-01   1.0670134e-01   6.7663666e-01  -4.2680537e-01  -8.0000000e-02
   2.4600000e+01  -1.7228361e-01   1.0157932e-01   6.8913444e-01  -4.0631727e-01  -8.0000000e-02
   2.4640000e+01  -1.7620789e-01   9.4608557e-02   7.0483156e-01  -3.7843423e-01  -8.0000000e-02
   2.4670000e+01  -1.7896643e-01   8.9280543e-02   7.1586574e-01  -3.5712217e-01  -8.0000000e-02
   2.4700000e+01  -1.8156392e-01   8.3872182e-02   7.2625568e-01  -3.3548873e-01  -8.0000000e-02
   2.4730000e+01  -1.8399801e-01   7.8388342e-02   7.3599204e-01  -3.1355337e-01  -8.0000000e-02
   2.4760000e+01  -1.8626652e-01   7.2833957e-02   7.4506606e-01  -2.9133583e-01  -8.0000000e-02
   2.4790000e+01  -1.8836739e-01   6.7214027e-02   7.5346957e-01  -2.6885611e-01  -8.0000000e-02
   2.4820000e+01  -1.9029875e-01   6.1533609e-02   7.6119501e-01  -2.4613444e-01  -8.0000000e-02
   2.4850000e+01  -1.9205886e-01   5.5797815e-02   7.6823542e-01  -2.2319126e-01  -8.0000000e-02
   2.4890000e+01  -1.9413655e-01   4.8072877e-02   7.7654618e-01  -1.9229151e-01  -8.0000000e-02
   2.4920000e+01  -1.9549116e-01   4.2228023e-02   7.8196464e-01  -1.6891209e-01  -8.0000000e-02
   2.4950000e+01  -1.9666985e-01   3.6345166e-02   7.8667939e-01  -1.4538066e-01  -8.0000000e-02
   2.4980000e+01  -1.9767154e-01   3.0429602e-02   7.9068618e-01  -1.2171841e-01  -8.0000000e-02
   2.5010000e+01  -1.9849535e-01   2.4486653e-02   7.9398140e-01  -9.7946610e-02  -8.0000000e-02
   2.5040000e+01  -1.9914052e-01   1.8521667e-02   7.9656209e-01  -7.4086668e-02  -8.0000000e-02
   2.5070000e+01  -1.9960648e-01   1.2540013e-02   7.9842593e-01  -5.0160053e-02  -8.0000000e-02
   2.5110000e+01  -1.9994829e-01   4.5478523e-03   7.9979314e-01  -1.8191409e-02  -8.0000000e-02
   2.5140000e+01  -1.9999473e-01  -1.4517429e-03   7.9997892e-01   5.8069717e-03  -8.0000000e-02
   2.5170000e+01  -1.9986119e-01  -7.4500317e-03   7.9944478e-01   2.9800127e-02  -8.0000000e-02
   2.5200000e+01  -1.9954780e-01  -1.3441616e-02   7.9819118e-01   5.3766464e-02  -8.0000000e-02
   2.5230000e+01  -1.9905482e-01  -1.9421104e-02   7.9621927e-01   7.7684414e-02  -8.0000000e-02
   2.5260000e+01  -1.9838270e-01  -2.5383114e-02   7.9353082e-01   1.0153245e-01  -8.0000000e-02
   2.5290000e+01  -1.9753206e-01  -3.1322281e-02   7.9012824e-01   1.2528912e-01  -8.0000000e-02
   2.5330000e+01  -1.9612150e-01  -3.9196402e-02   7.8448599e-01   1.5678561e-01  -8.0000000e-02
   2.5360000e+01  -1.9485753e-01  -4.5061527e-02   7.7943014e-01   1.8024611e-01  -8.0000000e-02
   2.5390000e+01  -1.9341821e-01  -5.0886100e-02   7.7367285e-01   2.0354440e-01  -8.0000000e-02
   2.5420000e+01  -1.9180483e-01  -5.6664879e-02   7.6721931e-01   2.2665952e-01  -8.0000000e-02
   2.5450000e+01  -1.9001883e-01  -6.2392663e-02   7.6007532e-01   2.4957065e-01  -8.0000000e-02
   2.5480000e+01  -1.8806183e-01  -6.8064299e-02   7.5224731e-01   2.7225719e-01  -8.0000000e-02
   2.5510000e+01  -1.8593558e-01  -7.3674681e-02   7.4374234e-01   2.9469872e-01  -8.0000000e-02
   2.5550000e+01  -1.8284065e-01  -8.1051189e-02   7.3136262e-01   3.2420476e-01  -8.0000000e-02
   2.5580000e+01  -1.8032721e-01  -8.6499116e-02   7.2130884e-01   3.4599646e-01  -8.0000000e-02
   2.5610000e+01  -1.7765149e-01  -9.1869199e-02   7.1060594e-01   3.6747680e-01  -8.0000000e-02
   2.5640000e+01  -1.7481589e-01  -9.7156606e-02   6.9926354e-01   3.8862642e-01  -8.0000000e-02
   2.5670000e+01  -1.7182296e-01  -1.0235658e-01   6.8729185e-01   4.0942631e-01  -8.0000000e-02
   2.5700000e+01  -1.6867541e-01  -1.0746444e-01   6.7470165e-01   4.2985775e-01  -8.0000000e-02
   2.5730000e+01  -1.6537606e-01  -1.1247559e-01   6.6150426e-01   4.4990234e-01  -8.0000000e-02
   2.5770000e+01  -1.6074596e-01  -1.1899890e-01   6.4298383e-01   4.7599558e-01  -8.0000000e-02
   2.5800000e+01  -1.5710420e-01  -1.2376701e-01   6.2841678e-01   4.9506802e-01  -8.0000000e-02
   2.5830000e+01  -1.5332105e-01  -1.2842373e-01   6.1328420e-01   5.1369493e-01  -8.0000000e-02
   2.5860000e+01  -1.4939993e-01  -1.3296489e-01   5.9759971e-01   5.3185956e-01  -8.0000000e-02
   2.5890000e+01  -1.4534435e-01  -1.3738638e-01   5.8137742e-01   5.4954554e-01  -8.0000000e-02
   2.5920000e+01  -1.4115798e-01  -1.4168424e-01   5.6463192e-01   5.6673697e-01  -8.0000000e-02
   2.5950000e+01  -1.3684457e-01  -1.4585459e-01   5.4737830e-01   5.8341837e-01  -8.0000000e-02
   2.5990000e+01  -1.3090249e-01  -1.5121025e-01   5.2360994e-01   6.0484099e-01  -8.0000000e-02
   2.6020000e+01  -1.2630796e-01  -1.5506869e-01   5.0523183e-01   6.2027478e-01  -8.0000000e-02
   2.6050000e+01  -1.2159976e-01  -1.5878759e-01   4.8639904e-01   6.3515036e-01  -8.0000000e-02
   2.6080000e+01  -1.1678213e-01  -1.6236359e-01   4.6712852e-01   6.4945434e-01  -8.0000000e-02
   2.6110000e+01  -1.1185941e-01  -1.6579347e-01   4.4743762e-01   6.6317386e-01  -8.0000000e-02
   2.6140000e+01  -1.0683601e-01  -1.6907414e-01   4.2734406e-01   6.7629657e-01  -8.0000000e-02
   2.6170000e+01  -1.0171648e-01  -1.7220267e-01   4.0686591e-01   6.8881066e-01  -8.0000000e-02
   2.6210000e+01  -9.4748846e-02  -1.7613250e-01   3.7899539e-01   7.0452998e-01  -8.0000000e-02
   2.6240000e+01  -8.9423030e-02  -1.7889528e-01   3.5769212e-01   7.1558112e-01  -8.0000000e-02
   2.6270000e+01  -8.4016740e-02  -1.8149707e-01   3.3606696e-01   7.2598829e-01  -8.0000000e-02
   2.6300000e+01  -7.8534839e-02  -1.8393553e-01   3.1413936e-01   7.3574212e-01  -8.0000000e-02
   2.6330000e+01  -7.2982263e-02  -1.8620846e-01   2.9192905e-01   7.4483383e-01  -8.0000000e-02
   2.6360000e+01  -6.7364008e-02  -1.8831381e-01   2.6945603e-01   7.5325523e-01  -8.0000000e-02
   2.6390000e+01  -6.1685129e-02  -1.9024969e-01   2.4674052e-01   7.6099876e-01  -8.0000000e-02
   2.6430000e+01  -5.4027829e-02  -1.9256426e-01   2.1611132e-01   7.7025703e-01  -8.0000000e-02
   2.6460000e+01  -4.8227457e-02  -1.9409820e-01   1.9290983e-01   7.7639281e-01  -8.0000000e-02
   2.6490000e+01  -4.2383684e-02  -1.9545747e-01   1.6953474e-01   7.8182989e-01  -8.0000000e-02
   2.6520000e+01  -3.6501768e-02  -1.9664084e-01   1.4600707e-01   7.8656337e-01  -8.0000000e-02
   2.6550000e+01  -3.0587003e-02  -1.9764725e-01   1.2234801e-01   7.9058900e-01  -8.0000000e-02
   2.6580000e+01  -2.4644712e-02  -1.9847579e-01   9.8578847e-02   7.9390315e-01  -8.0000000e-02
   2.6610000e+01  -1.8680242e-02  -1.9912571e-01   7.4720968e-02   7.9650284e-01  -8.0000000e-02
   2.6650000e+01  -1.0702395e-02  -1.9971344e-01   4.2809581e-02   7.9885377e-01  -8.0000000e-02
   2.6680000e+01  -4.7070750e-03  -1.9994460e-01   1.8828300e-02   7.9977840e-01  -8.0000000e-02
   2.6710000e+01   1.2924814e-03  -1.9999582e-01  -5.1699254e-03   7.9998329e-01  -8.0000000e-02
   2.6740000e+01   7.2908746e-03  -1.9986706e-01  -2.9163498e-02   7.9946825e-01  -8.0000000e-02
   2.6770000e+01   1.3282706e-02  -1.9955844e-01  -5.3130826e-02   7.9823375e-01  -8.0000000e-02
   2.6800000e+01   1.9262585e-02  -1.9907022e-01  -7.7050339e-02   7.9628088e-01  -8.0000000e-02
   2.6830000e+01   2.5225128e-02  -1.9840286e-01  -1.0090051e-01   7.9361142e-01  -8.0000000e-02
   2.6870000e+01   3.3138949e-02  -1.9723542e-01  -1.3255580e-01   7.8894167e-01  -8.0000000e-02
   2.6900000e+01   3.9040212e-02  -1.9615265e-01  -1.5616085e-01   7.8461060e-01  -8.0000000e-02
   2.6930000e+01   4.4906342e-02  -1.9489336e-01  -1.7962537e-01   7.7957343e-01  -8.0000000e-02
   2.6960000e+01   5.0732060e-02  -1.9345867e-01  -2.0292824e-01   7.7383469e-01  -8.0000000e-02
   2.6990000e+01   5.6512122e-02  -1.9184989e-01  -2.2604849e-01   7.6739956e-01  -8.0000000e-02
   2.7020000e+01   6.2241327e-02  -1.9006845e-01  -2.4896531e-01   7.6027382e-01  -8.0000000e-02
   2.7050000e+01   6.7914519e-02  -1.8811597e-01  -2.7165807e-01   7.5246388e-01  -8.0000000e-02
   2.7090000e+01   7.5382827e-02  -1.8524964e-01  -3.0153131e-01   7.4099856e-01  -8.0000000e-02
   2.7120000e+01   8.0905562e-02  -1.8290514e-01  -3.2362225e-01   7.3162056e-01  -8.0000000e-02
   2.7150000e+01   8.6355489e-02  -1.8039604e-01  -3.4542196e-01   7.2158414e-01  -8.0000000e-02
   2.7180000e+01   9.1727701e-02  -1.7772459e-01  -3.6691080e-01   7.1089835e-01  -8.0000000e-02
   2.7210000e+01   9.7017365e-02  -1.7489320e-01  -3.8806946e-01   6.9957279e-01  -8.0000000e-02
   2.7240000e+01   1.0221972e-01  -1.7190442e-01  -4.0887888e-01   6.8761767e-01  -8.0000000e-02
   2.7270000e+01   1.0733008e-01  -1.6876094e-01  -4.2932033e-01   6.7504374e-01  -8.0000000e-02
   2.7310000e+01   1.1399287e-01  -1.6433389e-01  -4.5597147e-01   6.5733554e-01  -8.0000000e-02
   2.7340000e+01   1.1887085e-01  -1.6084067e-01  -4.7548341e-01   6.4336267e-01  -8.0000000e-02
   2.7370000e+01   1.2364186e-01  -1.5720270e-01  -4.9456744e-01   6.2881082e-01  -8.0000000e-02
   2.7400000e+01   1.2830160e-01  -1.5342327e-01  -5.1320640e-01   6.1369308e-01  -8.0000000e-02
   2.7430000e+01   1.3284588e-01  -1.4950576e-01  -5.3138350e-01   5.9802305e-01  -8.0000000e-02
   2.7460000e+01   1.3727060e-01  -1.4545371e-01  -5.4908240e-01   5.8181485e-01  -8.0000000e-02
   2.7490000e+01   1.4157179e-01  -1.4127076e-01  -5.6628716e-01   5.6508305e-01  -8.0000000e-02
   2.7530000e+01   1.4710787e-01  -1.3549640e-01  -5.8843148e-01   5.4198560e-01  -8.0000000e-02
   2.7560000e+01   1.5110596e-01  -1.3102286e-01  -6.0442384e-01   5.2409143e-01  -8.0000000e-02
   2.7590000e+01   1.5496806e-01  -1.2643140e-01  -6.1987225e-01   5.0572561e-01  -8.0000000e-02
   2.7620000e+01   1.5869071e-01  -1.2172617e-01  -6.3476282e-01   4.8690467e-01  -8.0000000e-02
   2.7650000e+01   1.6227054e-01  -1.1691139e-01  -6.4908215e-01   4.6764555e-01  -8.0000000e-02
   2.7680000e+01   1.6570434e-01  -1.1199140e-01  -6.6281735e-01   4.4796558e-01  -8.0000000e-02
   2.7710000e+01   1.6898901e-01  -1.0697062e-01  -6.7595605e-01   4.2788248e-01  -8.0000000e-02
   2.7750000e+01   1.7313152e-01  -1.0012730e-01  -6.9252610e-01   4.0050918e-01  -8.0000000e-02
   2.7780000e+01   1.7605699e-01  -9.4889075e-02  -7.0422796e-01   3.7955630e-01  -8.0000000e-02
   2.7810000e+01   1.7882401e-01  -8.9565461e-02  -7.1529606e-01   3.5826184e-01  -8.0000000e-02
   2.7840000e+01   1.8143011e-01  -8.4161244e-02  -7.2572044e-01   3.3664497e-01  -8.0000000e-02
   2.7870000e+01   1.8387293e-01  -7.8681287e-02  -7.3549173e-01   3.1472515e-01  -8.0000000e-02
   2.7900000e+01   1.8615028e-01  -7.3130523e-02  -7.4460112e-01   2.9252209e-01  -8.0000000e-02
   2.7930000e+01   1.8826010e-01  -6.7513946e-02  -7.5304042e-01   2.7005578e-01  -8.0000000e-02
   2.7970000e+01   1.9080935e-01  -5.9931545e-02  -7.6323742e-01   2.3972618e-01  -8.0000000e-02
   2.8000000e+01   1.9252117e-01  -5.4181156e-02  -7.7008469e-01   2.1672462e-01  -8.0000000e-02
   2.8030000e+01   1.9405974e-01  -4.8382008e-02  -7.7623895e-01   1.9352803e-01  -8.0000000e-02
   2.8060000e+01   1.9542366e-01  -4.2539318e-02  -7.8169463e-01   1.7015727e-01  -8.0000000e-02
   2.8090000e+01   1.9661171e-01  -3.6658347e-02  -7.8644685e-01   1.4663339e-01  -8.0000000e-02
   2.8120000e+01   1.9762283e-01  -3.0744385e-02  -7.9049132e-01   1.2297754e-01  -8.0000000e-02
   2.8150000e+01   1.9845610e-01  -2.4802755e-02  -7.9382440e-01   9.9211022e-02  -8.0000000e-02
   2.8190000e+01   1.9928920e-01  -1.6846789e-02  -7.9715680e-01   6.7387155e-02  -8.0000000e-02
   2.8220000e+01   1.9970486e-01  -1.0861429e-02  -7.9881942e-01   4.3445715e-02  -8.0000000e-02
   2.8250000e+01   1.9994079e-01  -4.8662945e-03  -7.9976316e-01   1.9465178e-02  -8.0000000e-02
   2.8280000e+01   1.9999679e-01   1.1332191e-03  -7.9998716e-01  -4.5328764e-03  -8.0000000e-02
   2.8310000e+01   1.9987281e-01   7.1317129e-03  -7.9949122e-01  -2.8526852e-02  -8.0000000e-02
   2.8340000e+01   1.9956895e-01   1.3123789e-02  -7.9827580e-01  -5.2495155e-02  -8.0000000e-02
   2.8370000e+01   1.9908550e-01   1.9104054e-02  -7.9634199e-01  -7.6416216e-02  -8.0000000e-02
   2.8400000e+01   1.9842288e-01   2.5067127e-02  -7.9369152e-01  -1.0026851e-01  -8.0000000e-02
   2.8440000e+01   1.9726174e-01   3.2981875e-02  -7.8904698e-01  -1.3192750e-01  -8.0000000e-02
   2.8470000e+01   1.9618368e-01   3.8883999e-02  -7.8473470e-01  -1.5553599e-01  -8.0000000e-02
   2.8500000e+01   1.9492905e-01   4.4751130e-02  -7.7971622e-01  -1.7900452e-01  -8.0000000e-02
   2.8530000e+01   1.9349901e-01   5.0577988e-02  -7.7399604e-01  -2.0231195e-01  -8.0000000e-02
   2.8560000e+01   1.9189483e-01   5.6359329e-02  -7.6757932e-01  -2.2543732e-01  -8.0000000e-02
   2.8590000e+01   1.9011796e-01   6.2089951e-02  -7.6047183e-01  -2.4835980e-01  -8.0000000e-02
   2.8620000e+01   1.8816999e-01   6.7764695e-02  -7.5267997e-01  -2.7105878e-01  -8.0000000e-02
   2.8660000e+01   1.8530961e-01   7.5235284e-02  -7.4123845e-01  -3.0094113e-01  -8.0000000e-02
   2.8690000e+01   1.8296951e-01   8.0759885e-02  -7.3187803e-01  -3.2303954e-01  -8.0000000e-02
   2.8720000e+01   1.8046475e-01   8.6211807e-02  -7.2185898e-01  -3.4484723e-01  -8.0000000e-02
   2.8750000e+01   1.7779758e-01   9.1586145e-02  -7.1119030e-01  -3.6634458e-01  -8.0000000e-02
   2.8780000e+01   1.7497040e-01   9.6878062e-02  -6.9988160e-01  -3.8751225e-01  -8.0000000e-02
   2.8810000e+01   1.7198576e-01   1.0208279e-01  -6.8794306e-01  -4.0833118e-01  -8.0000000e-02
   2.8840000e+01   1.6884635e-01   1.0719566e-01  -6.7538541e-01  -4.2878264e-01  -8.0000000e-02
   2.8880000e+01   1.6442461e-01   1.1386197e-01  -6.5769844e-01  -4.5544787e-01  -8.0000000e-02
   2.8910000e+01   1.6093528e-01   1.1874273e-01  -6.4374111e-01  -4.7497093e-01  -8.0000000e-02
   2.8940000e+01   1.5730111e-01   1.2351664e-01  -6.2920446e-01  -4.9406655e-01  -8.0000000e-02
   2.8970000e+01   1.5352539e-01   1.2817938e-01  -6.1410156e-01  -5.1271753e-01  -8.0000000e-02
   2.9000000e+01   1.4961150e-01   1.3272678e-01  -5.9844602e-01  -5.3090711e-01  -8.0000000e-02
   2.9030000e+01   1.4556298e-01   1.3715473e-01  -5.8225191e-01  -5.4861891e-01  -8.0000000e-02
   2.9060000e+01   1.4138346e-01   1.4145925e-01  -5.6553382e-01  -5.6583699e-01  -8.0000000e-02
   2.9100000e+01   1.3561350e-01   1.4699992e-01  -5.4245401e-01  -5.8799970e-01  -8.0000000e-02
   2.9130000e+01   1.3114314e-01   1.5100157e-01  -5.2457258e-01  -6.0400630e-01  -8.0000000e-02
   2.9160000e+01   1.2655477e-01   1.5486733e-01  -5.0621907e-01  -6.1946933e-01  -8.0000000e-02
   2.9190000e+01   1.2185250e-01   1.5859372e-01  -4.8740999e-01  -6.3437489e-01  -8.0000000e-02
   2.9220000e+01   1.1704057e-01   1.6217739e-01  -4.6816228e-01  -6.4870955e-01  -8.0000000e-02
   2.9250000e+01   1.1212331e-01   1.6561510e-01  -4.4849326e-01  -6.6246041e-01  -8.0000000e-02
   2.9280000e+01   1.0710516e-01   1.6890378e-01  -4.2842062e-01  -6.7561511e-01  -8.0000000e-02
   2.9320000e+01   1.0026513e-01   1.7305174e-01  -4.0106053e-01  -6.9220694e-01  -8.0000000e-02
   2.9350000e+01   9.5029244e-02   1.7598137e-01  -3.8011698e-01  -7.0392548e-01  -8.0000000e-02
   2.9380000e+01   8.9707835e-02   1.7875263e-01  -3.5883134e-01  -7.1501054e-01  -8.0000000e-02
   2.9410000e+01   8.4305694e-02   1.8136303e-01  -3.3722278e-01  -7.2545213e-01  -8.0000000e-02
   2.9440000e+01   7.8827685e-02   1.8381022e-01  -3.1531074e-01  -7.3524087e-01  -8.0000000e-02
   2.9470000e+01   7.3278736e-02   1.8609198e-01  -2.9311494e-01  -7.4436794e-01  -8.0000000e-02
   2.9500000e+01   6.7663841e-02   1.8820628e-01  -2.7065536e-01  -7.5282513e-01  -8.0000000e-02
   2.9540000e+01   6.0083473e-02   1.9076157e-01  -2.4033389e-01  -7.6304628e-01  -8.0000000e-02
   2.9570000e+01   5.4334449e-02   1.9247797e-01  -2.1733779e-01  -7.6991187e-01  -8.0000000e-02
   2.9600000e+01   4.8536527e-02   1.9402115e-01  -1.9414611e-01  -7.7608459e-01  -8.0000000e-02
   2.9630000e+01   4.2694926e-02   1.9538972e-01  -1.7077970e-01  -7.8155889e-01  -8.0000000e-02
   2.9660000e+01   3.6814902e-02   1.9658246e-01  -1.4725961e-01  -7.8632983e-01  -8.0000000e-02
   2.9690000e+01   3.0901747e-02   1.9759828e-01  -1.2360699e-01  -7.9039314e-01  -8.0000000e-02
   2.9720000e+01   2.4960783e-02   1.9843629e-01  -9.9843133e-02  -7.9374514e-01  -8.0000000e-02
   2.9760000e+01   1.7005482e-02   1.9927572e-01  -6.8021930e-02  -7.9710289e-01  -8.0000000e-02
   2.9790000e+01   1.1020456e-02   1.9969614e-01  -4.4081822e-02  -7.9878457e-01  -8.0000000e-02
   2.9820000e+01   5.0255110e-03   1.9993685e-01  -2.0102044e-02  -7.9974740e-01  -8.0000000e-02
   2.9850000e+01  -9.7395613e-04   1.9999763e-01   3.8958245e-03  -7.9999051e-01  -8.0000000e-02
   2.9880000e+01  -6.9725468e-03   1.9987842e-01   2.7890187e-02  -7.9951369e-01  -8.0000000e-02
   2.9910000e+01  -1.2964863e-02   1.9957934e-01   5.1859451e-02  -7.9831735e-01  -8.0000000e-02
   2.9940000e+01  -1.8945511e-02   1.9910065e-01   7.5782044e-02  -7.9640259e-01  -8.0000000e-02
   2.9980000e+01  -2.6892259e-02   1.9818377e-01   1.0756904e-01  -7.9273508e-01  -8.0000000e-02
   3.0010000e+01  -3.2824780e-02   1.9728795e-01   1.3129912e-01  -7.8915179e-01  -8.0000000e-02
   3.0040000e+01  -3.8727760e-02   1.9621458e-01   1.5491104e-01  -7.8485831e-01  -8.0000000e-02
   3.0070000e+01  -4.4595888e-02   1.9496463e-01   1.7838355e-01  -7.7985852e-01  -8.0000000e-02
   3.0100000e+01  -5.0423883e-02   1.9353923e-01   2.0169553e-01  -7.7415690e-01  -8.0000000e-02
   3.0130000e+01  -5.6206500e-02   1.9193965e-01   2.2482600e-01  -7.6775860e-01  -8.0000000e-02
   3.0160000e+01  -6.1938535e-02   1.9016734e-01   2.4775414e-01  -7.6066937e-01  -8.0000000e-02
   3.0200000e+01  -6.9493656e-02   1.8753835e-01   2.7797462e-01  -7.5015339e-01  -8.0000000e-02
   3.0230000e+01  -7.5087693e-02   1.8536946e-01   3.0035077e-01  -7.4147786e-01  -8.0000000e-02
   3.0260000e+01  -8.0614156e-02   1.8303376e-01   3.2245662e-01  -7.3213505e-01  -8.0000000e-02
   3.0290000e+01  -8.6068071e-02   1.8053334e-01   3.4427229e-01  -7.2213336e-01  -8.0000000e-02
   3.0320000e+01  -9.1444531e-02   1.7787045e-01   3.6577813e-01  -7.1148181e-01  -8.0000000e-02
   3.0350000e+01  -9.6738698e-02   1.7504749e-01   3.8695479e-01  -7.0018997e-01  -8.0000000e-02
   3.0380000e+01  -1.0194581e-01   1.7206700e-01   4.0778322e-01  -6.8826800e-01  -8.0000000e-02
   3.0420000e+01  -1.0874510e-01   1.6785262e-01   4.3498042e-01  -6.7141048e-01  -8.0000000e-02
   3.0450000e+01  -1.1373100e-01   1.6451523e-01   4.5492399e-01  -6.5806091e-01  -8.0000000e-02
   3.0480000e+01  -1.1861454e-01   1.6102978e-01   4.7445815e-01  -6.4411914e-01  -8.0000000e-02
   3.0510000e+01  -1.2339133e-01   1.5739942e-01   4.9356534e-01  -6.2959770e-01  -8.0000000e-02
   3.0540000e+01  -1.2805709e-01   1.5362741e-01   5.1222835e-01  -6.1450966e-01  -8.0000000e-02
   3.0570000e+01  -1.3260760e-01   1.4971715e-01   5.3043039e-01  -5.9886860e-01  -8.0000000e-02
   3.0600000e+01  -1.3703877e-01   1.4567215e-01   5.4815507e-01  -5.8268861e-01  -8.0000000e-02
   3.0640000e+01  -1.4275448e-01   1.4007554e-01   5.7101794e-01  -5.6030216e-01  -8.0000000e-02
   3.0670000e+01  -1.4689189e-01   1.3573052e-01   5.8756754e-01  -5.4292208e-01  -8.0000000e-02
   3.0700000e+01  -1.5089709e-01   1.3126335e-01   6.0358838e-01  -5.2505340e-01  -8.0000000e-02
   3.0730000e+01  -1.5476651e-01   1.2667805e-01   6.1906602e-01  -5.0671221e-01  -8.0000000e-02
   3.0760000e+01  -1.5849664e-01   1.2197875e-01   6.3398655e-01  -4.8791501e-01  -8.0000000e-02
   3.0790000e+01  -1.6208413e-01   1.1716968e-01   6.4833653e-01  -4.6867872e-01  -8.0000000e-02
   3.0820000e+01  -1.6552576e-01   1.1225516e-01   6.6210305e-01  -4.4902065e-01  -8.0000000e-02
   3.0860000e+01  -1.6988237e-01   1.0554611e-01   6.7952948e-01  -4.2218442e-01  -8.0000000e-02
   3.0890000e+01  -1.7297184e-01   1.0040291e-01   6.9188735e-01  -4.0161163e-01  -8.0000000e-02
   3.0920000e+01  -1.7590564e-01   9.5169352e-02   7.0362256e-01  -3.8067741e-01  -8.0000000e-02
   3.0950000e+01  -1.7868114e-01   8.9850152e-02   7.1472456e-01  -3.5940061e-01  -8.0000000e-02
   3.0980000e+01  -1.8129584e-01   8.4450092e-02   7.2518336e-01  -3.3780037e-01  -8.0000000e-02
   3.1010000e+01  -1.8374739e-01   7.8974033e-02   7.3498955e-01  -3.1589613e-01  -8.0000000e-02
   3.1040000e+01  -1.8603357e-01   7.3426902e-02   7.4413429e-01  -2.9370761e-01  -8.0000000e-02
   3.1080000e+01  -1.8882106e-01   6.5928810e-02   7.5528423e-01  -2.6371524e-01  -8.0000000e-02
   3.1110000e+01  -1.9071366e-01   6.0235362e-02   7.6285465e-01  -2.4094145e-01  -8.0000000e-02
   3.1140000e+01  -1.9243464e-01   5.4487707e-02   7.6973855e-01  -2.1795083e-01  -8.0000000e-02
   3.1170000e+01  -1.9398243e-01   4.8691016e-02   7.7592974e-01  -1.9476406e-01  -8.0000000e-02
   3.1200000e+01  -1.9535566e-01   4.2850506e-02   7.8142264e-01  -1.7140202e-01  -8.0000000e-02
   3.1230000e+01  -1.9655308e-01   3.6971434e-02   7.8621232e-01  -1.4788574e-01  -8.0000000e-02
   3.1260000e+01  -1.9757361e-01   3.1059090e-02   7.9029446e-01  -1.2423636e-01  -8.0000000e-02
   3.1300000e+01  -1.9865761e-01   2.3133409e-02   7.9463043e-01  -9.2533637e-02  -8.0000000e-02
   3.1330000e+01  -1.9926212e-01   1.7164166e-02   7.9704847e-01  -6.8656662e-02  -8.0000000e-02
   3.1360000e+01  -1.9968730e-01   1.1179475e-02   7.9874922e-01  -4.4717902e-02  -8.0000000e-02
   3.1390000e+01  -1.9993279e-01   5.1847244e-03   7.9973114e-01  -2.0738898e-02  -8.0000000e-02
